250
0 234 0 0 188 47 157 0 0 86 45 235 233 0 0 148 161 247 214 218 30 102 39 0 229 239 77 0 114 38 197 17 0 80 146 28 50 129 115 0 235 152 0 221 0 10 162 111 7 0 0 120 17 152 187 218 82 130 16 59 55 147 134 0 71 204 73 139 189 166 45 89 104 55 0 0 224 106 89 0 186 0 0 0 249 0 173 236 17 46 35 0 0 52 23 0 166 0 166 26 139 0 43 25 87 34 0 61 172 191 0 161 243 192 40 237 0 78 18 211 194 168 0 93 54 0 213 29 0 228 130 148 0 137 249 227 18 195 197 0 185 0 236 87 127 99 0 172 159 70 0 108 122 44 166 227 109 216 184 0 0 33 0 132 165 69 0 0 98 10 95 10 0 0 116 120 96 49 170 25 176 0 0 0 192 88 244 170 88 32 0 0 0 156 180 0 196 172 215 0 159 85 75 67 0 0 0 150 0 0 229 197 47 207 0 0 161 81 48 149 164 224 124 50 12 0 119 171 148 0 174 197 154 161 93 53 153 141 134 0 0 0 154 0 0 201 0 179 192 204 
234 0 145 39 0 228 85 24 56 51 0 0 206 0 0 97 163 0 0 48 56 133 47 0 184 0 154 12 193 179 206 48 0 212 174 0 160 45 132 189 171 0 0 178 0 0 0 0 7 228 0 118 150 222 69 40 98 0 88 0 21 117 0 133 81 0 205 0 146 157 0 30 0 230 167 0 121 169 0 28 167 116 0 0 0 20 0 7 187 115 0 54 0 18 86 3 122 0 212 34 241 0 0 0 96 30 240 184 34 26 203 0 0 0 29 0 200 88 0 105 0 231 102 0 232 57 134 223 4 0 0 0 117 216 57 78 176 0 172 0 112 0 145 116 0 8 240 248 214 158 0 187 239 0 0 25 79 0 159 225 234 0 0 197 24 111 188 0 149 39 0 249 0 4 241 222 0 0 0 82 0 42 145 27 0 168 0 189 0 0 148 129 0 248 16 0 0 137 0 0 197 20 93 127 199 210 0 14 0 0 27 242 86 0 91 194 188 0 84 195 118 219 45 0 0 209 23 49 240 0 137 179 158 0 0 0 37 24 0 0 54 92 247 70 233 48 159 175 0 190 
0 145 0 96 184 139 218 121 99 78 32 0 124 242 0 117 0 0 0 98 182 0 200 189 0 0 7 206 0 0 0 25 17 176 0 0 0 0 198 0 0 0 0 200 0 154 152 216 0 94 38 52 35 221 22 0 0 0 97 17 0 0 46 239 20 79 0 170 0 0 64 74 0 76 155 0 0 0 110 205 129 0 0 29 0 123 30 166 40 41 34 75 37 45 2 194 10 147 0 0 92 196 226 0 95 0 0 117 138 221 0 95 0 0 0 105 0 0 40 28 166 55 32 0 4 133 186 0 189 46 115 176 185 78 193 90 60 103 0 0 97 0 0 28 0 0 50 202 213 0 0 164 33 88 240 0 167 122 0 193 0 0 75 0 0 69 105 171 21 100 0 171 0 0 165 0 168 2 138 130 155 159 234 145 0 174 0 0 84 95 0 8 0 0 19 62 0 133 0 71 10 0 107 182 171 245 198 202 0 0 45 0 212 241 201 0 231 21 127 0 143 38 25 0 167 123 158 81 27 122 186 0 193 62 230 94 62 203 6 79 90 39 0 74 40 57 0 1 145 201 
0 39 96 0 170 12 103 0 0 167 220 0 0 0 13 78 175 148 0 164 216 232 63 49 0 103 173 0 28 0 0 151 3 0 0 174 0 0 245 150 0 229 101 234 199 0 51 13 0 186 114 32 20 74 215 138 142 95 0 0 0 39 222 87 0 5 113 122 0 119 0 27 0 0 0 212 206 0 0 0 0 150 0 41 0 59 226 48 158 0 110 114 222 206 0 62 120 153 0 85 0 40 178 145 72 25 130 0 154 117 9 0 41 74 96 230 0 116 0 0 0 99 83 0 191 213 143 0 0 0 224 240 189 133 125 0 125 216 0 0 217 24 44 0 188 73 182 0 223 59 156 224 125 0 32 212 222 184 114 0 182 20 202 0 25 0 91 16 0 0 0 132 135 119 99 0 189 144 17 121 0 32 132 15 27 0 171 241 0 0 197 64 114 235 157 117 44 0 0 159 0 192 0 105 84 121 0 249 233 151 120 215 185 100 238 120 186 76 153 0 182 239 53 0 211 97 0 151 173 0 0 54 0 165 0 12 50 0 132 211 123 0 128 95 125 0 158 29 0 0 
188 0 184 170 0 23 102 0 27 30 58 128 98 7 245 0 0 185 177 0 0 0 2 37 0 230 159 111 49 194 0 120 88 24 186 0 120 192 0 180 190 0 0 83 11 224 171 217 113 104 127 46 0 138 0 175 86 0 154 225 182 0 149 80 0 100 0 80 0 0 0 89 160 59 0 88 160 168 0 172 0 213 84 81 4 180 0 0 193 235 115 151 93 167 116 187 0 167 132 98 81 172 0 0 205 56 154 0 244 0 0 139 33 227 182 50 53 0 78 0 142 0 7 148 0 0 150 17 35 0 129 34 220 97 0 241 206 35 45 23 21 0 0 170 248 28 139 0 121 52 118 33 221 17 0 179 86 91 33 81 28 154 0 162 182 0 133 227 0 132 149 60 173 25 0 147 60 136 0 0 179 59 202 155 138 84 53 38 242 96 107 0 0 75 67 105 0 44 63 0 113 136 104 0 0 249 165 123 195 0 0 177 155 150 0 73 200 76 1 117 111 27 150 0 99 236 245 154 79 0 190 0 167 0 0 198 204 0 92 246 0 0 241 149 0 123 0 48 96 73 
47 228 139 12 23 0 15 0 0 0 0 164 113 0 155 15 159 101 63 0 0 0 221 164 0 76 0 86 236 80 5 0 109 232 0 0 26 206 0 187 0 21 59 32 12 125 0 142 97 165 36 193 0 0 249 0 15 0 62 93 198 0 158 0 0 134 20 221 0 153 123 240 75 186 55 17 94 0 154 0 135 164 0 0 53 111 16 201 54 132 47 0 0 59 220 0 75 0 114 181 236 0 0 160 179 39 188 147 177 0 87 0 102 101 42 129 134 176 0 54 221 51 0 201 0 142 128 135 0 0 0 197 76 0 0 119 169 28 0 46 0 61 0 33 0 17 0 125 203 22 15 206 92 11 237 68 245 230 0 115 138 141 69 0 179 0 0 231 0 40 224 220 0 224 238 0 0 146 9 56 191 26 0 210 74 88 0 108 0 0 0 27 244 227 54 0 166 105 98 0 120 0 175 99 0 0 0 53 128 66 87 159 89 181 9 201 27 0 133 175 102 152 15 137 31 40 129 123 203 0 0 172 197 4 55 154 228 0 149 91 232 0 93 56 23 154 150 0 91 0 
157 85 218 103 102 15 0 67 186 0 144 0 73 44 184 214 110 239 0 176 222 101 99 206 205 3 197 59 0 197 60 107 96 0 92 0 158 31 0 181 0 4 246 122 92 0 0 89 0 204 0 195 186 69 0 221 0 0 0 209 110 0 73 0 0 212 124 0 47 128 113 150 0 147 64 0 0 0 65 0 0 0 0 185 198 245 50 225 31 234 109 238 164 0 241 67 139 138 86 142 65 95 0 69 225 0 203 0 0 58 1 36 120 0 0 0 0 49 120 0 98 0 0 213 10 0 0 0 85 0 85 24 112 63 181 0 0 163 149 207 69 39 158 0 0 194 118 0 0 54 0 0 49 158 185 0 102 39 32 222 117 121 164 0 0 45 104 8 117 0 0 35 235 9 106 236 87 117 0 225 203 0 171 54 58 109 246 193 10 46 190 214 201 190 179 231 71 153 167 67 0 95 232 0 4 192 213 14 0 19 245 0 185 0 32 0 166 181 59 201 189 0 0 0 206 161 0 19 180 0 0 193 228 0 227 0 21 200 0 134 244 58 0 25 0 88 69 0 242 73 
0 24 121 0 0 0 67 0 115 98 234 95 98 10 0 102 0 0 65 0 184 11 182 20 157 102 98 57 0 50 55 189 0 21 0 0 30 6 180 157 37 9 36 112 236 0 108 93 0 196 26 0 214 0 9 106 66 219 0 0 211 0 138 208 101 0 179 207 0 77 64 237 0 200 0 69 115 38 150 0 173 121 215 0 178 58 248 0 198 16 15 9 0 0 193 0 245 21 113 29 0 155 0 23 162 85 105 172 154 0 89 233 136 22 200 5 93 240 15 30 173 135 0 90 75 215 183 150 57 36 40 14 34 144 40 0 48 16 182 47 193 0 96 0 108 61 220 180 0 0 78 221 188 103 131 8 0 0 203 0 64 192 0 0 144 97 0 34 190 0 242 0 153 41 0 50 74 53 56 218 0 0 36 28 40 61 0 159 0 53 215 140 0 190 25 169 0 148 71 245 0 0 103 127 104 0 0 242 154 0 178 111 156 0 138 33 0 17 0 114 203 227 0 108 24 170 238 230 155 102 48 0 9 0 43 145 236 0 92 0 66 193 172 143 34 188 0 0 71 0 
0 56 99 0 27 0 186 115 0 54 0 115 0 23 247 0 0 26 158 0 175 0 0 93 148 0 35 241 110 128 173 110 52 248 0 77 142 176 0 111 0 165 184 186 204 0 46 0 182 218 181 0 146 207 56 0 0 136 0 0 0 153 17 156 99 0 204 0 163 172 0 213 129 141 66 0 121 61 152 170 83 0 119 155 201 0 97 172 195 0 246 203 10 179 248 151 11 162 241 125 114 0 135 215 177 31 0 86 0 203 33 201 93 217 101 37 0 165 83 0 0 0 157 0 159 0 5 99 121 0 0 0 244 0 129 219 206 0 130 0 0 0 0 209 219 0 159 0 99 49 0 248 39 99 76 157 213 0 0 0 129 97 230 115 165 226 157 229 33 13 49 239 26 159 9 0 121 0 0 149 207 0 0 197 197 0 0 0 37 0 26 249 83 131 30 3 0 88 206 0 67 108 0 173 0 125 0 79 21 113 106 5 123 171 104 227 0 158 85 163 185 209 7 150 0 152 0 122 0 118 0 60 88 192 0 0 186 164 133 239 0 203 193 194 0 216 167 229 42 0 
86 51 78 167 30 0 0 98 54 0 0 73 82 95 0 3 44 90 107 21 41 82 207 138 0 0 0 40 246 227 227 78 138 208 27 9 0 184 64 0 0 20 171 26 215 7 115 0 135 29 191 248 24 133 0 80 0 210 54 187 168 21 0 0 0 237 242 176 116 205 102 183 3 198 38 44 0 21 0 0 0 18 215 96 205 196 240 38 0 12 112 147 11 0 206 92 160 24 106 0 182 0 86 85 26 179 153 0 0 181 151 2 196 0 0 234 178 0 0 0 0 120 0 131 217 208 0 17 65 0 0 220 169 112 0 140 233 11 227 112 119 0 0 158 0 115 231 198 100 37 200 169 34 0 55 0 37 47 107 0 3 74 66 0 227 100 140 220 234 0 0 176 70 217 141 113 22 95 4 122 0 51 0 0 233 214 217 101 143 28 44 144 214 92 132 28 0 0 241 121 0 31 0 28 0 154 0 0 0 173 0 61 189 50 226 0 0 31 0 0 38 39 0 0 16 148 0 65 141 216 0 199 0 0 24 0 45 0 0 199 228 94 131 165 0 244 112 108 0 0 
45 0 32 220 58 0 144 234 0 0 0 0 106 127 181 127 10 190 0 0 58 15 0 149 85 117 6 34 190 0 0 47 50 113 0 0 247 25 16 188 235 146 201 19 2 10 0 225 139 0 140 226 141 9 0 40 0 23 2 38 0 0 0 0 0 134 0 88 6 0 227 106 183 29 175 190 107 195 26 0 89 0 34 66 38 178 183 98 0 0 68 79 61 110 241 210 179 52 0 158 149 165 0 218 143 204 111 0 81 224 0 1 220 182 0 138 3 0 102 0 0 137 84 119 39 76 226 0 135 112 221 55 0 107 0 168 243 14 63 136 0 0 228 8 238 119 173 0 192 26 5 55 0 48 11 81 0 223 41 0 116 0 186 11 0 55 102 0 14 0 184 0 26 188 207 0 17 0 0 247 0 0 37 240 39 183 0 158 54 16 158 0 0 26 0 85 211 54 101 7 0 38 223 96 233 54 155 56 0 214 91 0 215 198 224 116 0 0 0 0 193 20 6 0 0 0 66 25 0 0 0 0 157 0 101 235 30 75 155 176 89 0 33 0 227 0 0 0 217 0 
235 0 0 0 128 164 0 95 115 73 0 0 237 197 0 99 158 208 200 34 147 159 0 0 95 0 0 194 69 192 0 173 97 62 12 114 0 0 0 97 0 248 223 81 116 202 229 0 227 74 0 174 0 208 201 0 109 83 153 0 157 0 170 0 0 0 206 168 0 139 203 0 80 39 225 160 0 41 34 0 0 0 0 226 91 205 243 155 0 242 0 0 157 99 18 107 0 71 0 2 130 119 0 45 119 118 116 180 195 0 59 46 0 0 163 59 6 158 53 81 52 189 198 208 132 0 171 0 172 90 0 0 197 184 29 75 224 0 165 46 1 22 0 0 65 121 59 156 55 174 9 59 89 16 75 144 0 42 174 55 174 0 27 172 91 188 50 9 0 230 26 0 0 122 159 70 0 164 187 0 187 64 196 121 59 0 0 210 28 70 135 78 236 185 56 243 0 44 68 35 20 144 0 198 191 0 4 0 0 0 145 0 233 0 27 147 95 98 14 5 0 158 101 94 67 181 2 66 237 123 206 30 203 88 150 181 0 0 90 0 10 192 0 0 141 79 14 0 0 116 
233 206 124 0 98 113 73 98 0 82 106 237 0 50 249 17 0 148 88 81 153 116 143 190 112 94 0 171 0 0 118 0 41 231 29 0 32 48 199 1 0 92 230 0 193 202 40 130 0 0 242 226 127 129 150 152 0 129 63 185 0 0 178 0 190 98 116 0 80 244 34 24 11 0 15 43 0 117 0 184 0 206 6 0 169 54 0 104 127 0 0 148 207 0 166 175 241 241 230 128 0 0 29 36 0 122 0 70 0 91 206 213 46 0 0 180 151 53 64 121 40 67 0 234 165 71 74 37 59 0 27 0 0 183 40 69 242 38 29 186 0 22 28 60 162 137 0 0 61 0 93 195 0 0 175 0 196 0 0 69 141 71 45 0 64 0 4 25 0 16 129 70 199 0 193 8 0 48 0 103 3 162 53 0 208 0 0 135 248 85 199 0 137 199 156 117 249 0 240 187 72 0 141 37 112 0 98 0 100 119 166 211 234 0 223 3 150 229 0 130 0 233 212 30 45 201 149 22 208 0 166 223 89 204 201 87 85 6 43 53 151 143 101 115 71 18 213 73 97 121 
0 0 242 0 7 0 44 10 23 95 127 197 50 0 110 114 124 60 12 0 47 58 38 49 144 205 0 35 223 94 0 0 191 189 118 223 241 17 111 19 212 0 0 211 171 128 0 185 67 0 53 3 0 78 172 1 42 0 0 177 0 0 0 36 27 112 15 109 38 98 0 10 35 36 189 0 85 151 0 21 122 0 94 0 135 169 16 200 0 90 185 236 68 39 0 0 140 0 0 237 187 62 29 0 234 215 0 36 38 147 44 157 178 102 0 0 89 53 0 67 0 124 82 43 207 90 190 154 126 60 130 18 102 95 25 171 39 0 89 55 60 163 146 0 0 0 228 126 170 108 167 0 0 0 0 223 0 160 0 175 237 186 163 209 82 0 37 85 0 159 0 66 27 59 5 0 13 25 0 0 99 0 0 0 0 61 241 111 213 69 1 95 0 0 0 0 40 110 177 86 182 0 128 57 197 0 63 21 26 155 54 155 0 0 0 132 11 122 90 0 0 19 238 242 2 181 71 0 0 39 0 0 0 178 136 133 216 156 197 0 56 0 0 140 59 0 157 72 88 58 
0 0 0 13 245 155 184 0 247 0 181 0 249 110 0 0 46 0 0 227 0 159 92 71 0 0 0 95 100 0 241 174 188 0 0 74 29 0 70 0 193 217 9 0 0 63 196 0 235 53 230 0 201 47 190 136 241 0 72 0 223 0 199 193 233 79 10 66 103 248 16 88 134 1 234 0 0 0 42 114 0 150 113 207 127 104 195 0 145 0 0 64 238 149 190 110 60 63 157 0 135 109 203 30 189 13 1 0 0 233 133 137 25 22 0 207 202 0 83 0 201 223 234 0 79 167 18 156 232 84 152 205 101 0 14 12 31 45 144 0 105 0 0 154 37 1 14 32 110 27 218 0 10 0 0 204 29 81 125 158 229 166 0 0 166 157 3 244 204 0 114 83 0 224 13 203 0 111 239 0 0 0 0 0 73 117 30 240 3 22 0 96 0 7 23 173 0 0 0 231 133 41 0 229 61 49 164 0 0 203 0 68 0 0 0 166 26 141 0 113 0 0 0 31 157 0 223 226 0 0 222 218 128 188 0 227 77 57 0 0 167 245 105 0 247 163 30 126 67 167 
148 97 117 78 0 15 214 102 0 3 127 99 17 114 0 0 189 55 0 0 138 214 120 56 175 93 45 0 0 240 152 85 229 188 122 210 233 93 74 74 232 116 158 18 37 235 0 68 206 0 239 120 228 0 0 0 93 0 0 0 239 143 0 65 151 177 165 68 235 243 79 247 90 209 169 115 74 0 194 0 19 8 0 0 0 232 108 67 0 122 0 80 213 190 231 70 121 129 0 3 198 0 62 165 0 0 0 194 37 77 0 0 211 0 73 68 115 235 78 165 31 248 27 247 33 69 113 25 164 0 188 107 178 0 159 117 176 45 67 191 0 0 124 73 14 0 100 200 20 247 26 0 22 0 0 194 42 0 174 240 168 49 31 0 0 0 194 224 46 245 241 158 48 190 0 38 226 8 207 0 135 108 183 0 150 242 0 183 214 0 222 0 0 51 0 136 90 0 36 0 0 234 112 0 30 0 0 0 80 14 0 0 189 242 90 0 207 239 0 0 125 0 197 21 27 84 92 125 15 184 0 193 201 74 15 240 74 0 61 226 141 0 202 52 60 0 0 0 105 0 
161 163 0 175 0 159 110 0 0 44 10 158 0 124 46 189 0 56 130 151 243 15 0 0 168 0 0 99 166 128 240 157 213 172 91 235 201 9 67 6 0 235 129 223 192 0 194 33 223 119 37 0 144 0 53 94 192 80 122 0 101 122 204 19 171 160 90 206 159 197 210 0 0 0 0 32 211 84 0 102 0 174 0 58 148 121 182 0 80 0 114 53 27 231 0 0 0 0 155 95 112 0 79 180 218 199 114 0 65 0 0 196 221 0 0 53 155 204 192 154 130 234 149 0 0 0 199 168 213 133 205 35 174 219 43 0 73 246 26 56 0 10 83 143 236 25 231 94 185 161 123 153 79 148 235 84 0 67 139 0 0 138 0 95 55 0 0 0 51 165 247 166 0 0 0 69 146 189 53 121 176 87 135 191 242 27 0 0 3 0 0 191 235 207 0 140 79 101 109 207 180 5 40 130 130 0 0 71 21 171 227 0 126 0 73 174 51 127 59 231 0 118 0 0 106 158 129 238 0 164 63 216 84 197 0 0 0 234 1 42 135 214 33 244 189 137 78 110 108 38 
247 0 0 148 185 101 239 0 26 90 190 208 148 60 0 55 56 0 93 178 0 241 90 0 0 220 55 82 0 190 9 116 0 51 199 55 203 0 0 124 119 0 0 0 0 0 130 156 180 107 140 92 0 17 5 0 208 0 0 0 155 196 201 49 0 0 110 0 166 111 211 0 133 139 24 0 58 229 224 0 0 4 0 110 0 246 0 136 0 0 203 0 49 0 143 242 0 55 0 56 0 0 163 199 169 135 0 35 159 199 0 159 0 0 115 17 118 0 8 0 240 239 15 129 156 142 70 185 114 0 88 0 180 0 0 0 103 79 0 211 99 0 0 0 0 0 36 0 0 50 222 222 0 230 135 128 0 0 63 38 0 0 30 0 58 0 0 77 0 215 82 0 0 86 0 158 61 151 0 84 71 36 149 23 0 0 232 113 68 0 52 41 42 0 0 10 248 160 60 3 54 0 0 229 128 221 181 49 76 201 123 0 120 80 0 0 0 235 0 0 8 34 137 123 141 0 105 119 230 32 133 127 0 157 164 240 199 120 217 55 78 0 31 0 176 204 65 0 31 0 
214 0 0 0 177 63 0 65 158 107 0 200 88 12 0 0 130 93 0 216 125 247 62 138 242 53 0 238 200 119 154 21 235 187 0 108 15 41 196 172 0 0 246 91 124 0 0 0 0 188 95 193 167 0 0 0 47 173 243 156 57 0 31 0 0 63 238 0 166 49 0 236 242 0 0 23 77 0 0 148 0 0 194 212 0 0 64 116 210 0 165 0 174 0 96 206 53 72 0 88 0 0 37 0 236 80 0 38 0 16 9 0 0 163 0 0 74 11 0 0 0 48 108 0 0 0 8 0 0 58 120 0 0 33 0 107 0 153 85 119 124 44 235 102 0 85 208 225 41 0 0 218 0 0 0 0 0 225 199 53 0 246 0 125 162 0 0 0 17 0 140 207 164 84 0 178 187 206 213 103 0 0 243 47 162 0 0 44 202 188 61 0 176 229 0 0 203 79 188 0 120 105 210 70 98 86 0 104 128 43 185 237 0 242 0 0 150 93 3 91 36 144 0 0 0 0 141 237 152 112 181 14 212 243 6 114 199 189 0 101 2 0 0 0 27 66 86 61 211 2 
218 48 98 164 0 0 176 0 0 21 0 34 81 0 227 0 151 178 216 0 97 0 30 0 0 72 0 130 110 228 46 114 41 0 233 0 25 0 31 154 0 217 0 77 193 0 147 153 156 69 0 211 126 32 70 0 72 127 41 177 214 242 73 0 92 128 112 0 0 0 151 0 0 228 115 194 0 45 106 169 16 210 0 183 81 40 83 0 155 238 79 72 134 159 33 0 0 84 193 113 0 160 0 188 201 0 0 25 194 207 184 101 0 102 86 117 238 0 231 60 71 0 0 0 29 163 146 0 66 1 33 101 95 0 135 0 109 21 3 72 70 0 47 98 242 67 188 112 44 0 22 3 30 122 13 85 0 88 20 114 0 183 231 218 0 63 20 222 208 125 45 222 64 164 224 0 0 47 129 130 41 0 0 149 141 64 141 0 185 114 109 0 77 225 0 82 0 145 122 146 17 19 192 172 0 91 148 0 189 80 0 235 141 110 140 27 0 170 75 94 0 95 53 56 51 126 59 217 0 118 145 0 183 0 210 76 209 176 97 0 105 0 98 0 0 0 138 0 53 0 
30 56 182 216 0 0 222 184 175 41 58 147 153 47 0 138 243 0 125 97 0 0 44 115 0 136 31 160 84 22 44 128 0 0 94 0 166 0 17 205 0 172 11 0 0 247 40 219 35 0 199 231 0 27 0 163 87 146 72 186 158 8 126 0 137 96 141 0 118 35 0 116 166 0 127 132 159 0 171 96 87 28 95 196 173 135 0 137 99 245 130 0 246 0 241 240 221 2 199 167 142 120 124 151 236 19 194 97 226 14 83 165 153 0 60 0 230 0 160 0 223 223 149 0 181 7 0 142 97 209 1 204 0 31 122 173 92 10 0 71 0 76 37 116 135 209 58 0 90 162 0 54 0 0 0 209 70 0 221 174 127 2 201 80 182 0 226 0 229 112 132 133 0 142 0 60 0 147 112 0 224 177 0 239 0 64 0 0 0 214 109 157 4 0 247 111 79 0 117 0 147 71 47 176 143 222 163 221 90 105 185 15 0 206 0 138 0 0 0 139 173 139 44 221 71 0 26 0 0 69 0 71 92 199 1 10 46 211 226 0 20 0 50 0 223 0 0 172 186 132 
102 133 0 232 0 0 101 11 0 82 15 159 116 58 159 214 15 241 247 0 0 0 163 59 18 208 0 57 229 207 237 134 0 0 35 48 104 0 169 224 0 222 0 235 72 56 0 0 0 0 208 93 176 0 121 147 14 92 181 123 109 240 55 62 0 246 113 81 134 28 80 0 237 6 0 206 52 0 43 0 249 169 57 0 218 96 249 123 0 0 232 48 192 0 0 237 72 218 167 72 230 233 6 0 161 41 0 0 0 0 66 225 85 0 31 0 0 112 0 0 6 30 93 241 0 36 101 214 135 225 108 10 0 0 171 145 69 1 235 134 138 122 0 224 92 147 16 198 0 0 0 215 99 0 230 0 66 0 223 183 99 0 14 0 0 210 0 133 118 0 136 144 71 59 241 61 57 11 0 120 0 70 148 152 207 236 225 0 0 0 0 218 175 213 11 41 116 105 226 164 151 93 88 126 177 0 134 21 134 121 0 102 92 35 0 0 79 63 27 109 163 92 85 241 0 5 197 0 0 10 200 7 92 192 197 84 213 104 230 198 76 0 0 154 21 200 73 11 81 170 
39 47 200 63 2 221 99 182 0 207 0 0 143 38 92 120 0 90 62 30 44 163 0 209 0 43 87 170 52 106 170 32 165 62 10 182 0 126 195 140 78 0 0 148 67 53 56 245 0 0 226 52 10 0 144 107 0 112 220 236 101 6 0 102 11 72 0 0 140 208 206 97 110 71 0 0 108 0 0 0 246 151 0 144 165 195 0 119 142 0 22 121 80 0 0 0 20 0 71 90 0 217 57 0 0 0 0 0 152 113 0 216 0 0 167 182 0 209 158 189 0 0 230 120 0 94 0 0 0 132 133 173 172 13 14 145 0 197 0 0 0 194 186 160 134 0 0 179 95 56 190 181 224 216 216 91 188 0 32 162 166 0 3 0 108 247 174 179 114 0 0 0 133 0 243 0 109 150 187 66 68 0 18 58 149 0 200 63 207 41 134 87 0 130 33 227 66 9 88 212 0 158 34 192 0 0 0 117 177 16 244 0 126 61 0 129 0 32 36 160 169 222 0 117 29 193 156 0 21 0 0 0 167 0 157 0 0 204 0 227 35 0 154 68 205 0 0 142 0 55 
0 0 189 49 37 164 206 20 93 138 149 0 190 49 71 56 0 0 138 0 115 59 209 0 0 58 80 0 0 136 0 116 170 77 146 111 48 90 130 68 210 53 106 130 0 0 0 200 141 186 0 208 38 244 211 63 0 126 0 184 12 0 0 212 198 3 0 78 23 68 125 27 0 53 0 75 22 192 0 0 194 0 179 176 74 115 240 0 0 156 0 60 114 193 217 63 124 3 221 134 151 5 198 136 0 107 0 133 183 242 30 84 140 0 77 35 0 205 0 0 221 196 10 0 34 0 19 0 51 26 45 0 63 15 0 228 109 0 0 0 74 12 235 205 39 0 180 147 72 49 137 0 128 215 6 33 174 15 0 230 232 98 0 0 97 39 114 0 0 98 196 158 0 0 78 78 0 0 36 23 0 32 5 193 209 0 44 0 125 78 229 225 0 133 0 37 117 190 0 0 30 0 0 0 0 161 0 167 30 139 235 41 193 224 191 15 0 85 0 66 74 104 80 0 130 195 0 73 0 176 0 0 0 0 149 231 224 18 197 0 0 80 0 213 144 243 3 60 0 0 
229 184 0 0 0 0 205 157 148 0 85 95 112 144 0 175 168 0 242 0 0 18 0 0 0 164 203 0 29 7 215 0 233 0 154 11 215 0 210 0 125 21 171 93 28 174 116 0 0 0 149 139 43 188 144 220 0 202 96 138 0 79 0 0 176 116 235 24 171 0 0 215 0 0 0 152 0 0 95 42 0 0 204 171 165 186 184 0 0 0 144 94 0 58 121 73 191 249 224 188 0 248 185 0 149 32 174 0 29 113 23 0 221 0 233 54 157 0 105 0 17 6 14 76 216 157 191 190 0 0 117 212 161 99 0 0 22 163 0 0 159 0 0 99 122 30 210 207 98 9 0 59 226 60 0 137 34 28 0 223 0 0 0 244 192 129 168 0 63 0 121 37 118 29 26 0 6 0 243 202 3 26 78 0 10 87 207 176 35 153 76 138 44 123 0 48 0 147 0 0 144 0 0 47 209 190 0 214 0 206 57 0 4 107 0 12 0 193 36 227 0 167 0 0 54 53 52 5 238 133 101 139 4 0 71 0 66 154 50 228 27 0 9 0 0 0 0 122 63 43 
239 0 0 103 230 76 3 102 0 0 117 0 94 205 0 93 0 220 53 72 136 208 43 58 164 0 197 209 116 175 225 0 0 76 106 201 97 105 136 34 230 69 0 167 147 108 205 0 23 231 0 176 0 106 111 50 85 2 135 0 203 40 147 0 175 2 159 0 217 100 248 27 206 168 74 0 240 147 204 0 0 235 126 38 155 236 70 0 12 2 103 249 183 72 0 122 247 221 63 0 0 168 242 85 231 0 7 34 72 171 191 0 70 0 0 67 0 0 67 0 79 163 134 132 0 0 248 0 244 73 213 0 44 0 8 174 45 172 10 165 0 85 189 159 38 0 210 9 46 26 185 0 161 171 53 73 15 159 167 59 211 90 49 0 1 242 89 112 0 0 120 0 227 161 49 59 98 0 221 0 136 19 120 216 0 0 0 226 0 241 0 217 6 150 163 223 186 215 0 98 58 66 60 44 222 19 0 0 68 25 219 48 176 0 206 64 5 5 67 0 40 96 0 131 157 13 0 229 0 2 0 235 0 0 116 190 74 235 166 0 0 0 103 218 166 158 0 97 228 0 
77 154 7 173 159 0 197 98 35 0 6 0 0 0 0 45 0 55 0 0 31 0 87 80 203 197 0 0 0 0 226 0 0 0 206 115 59 0 0 223 52 116 225 138 26 0 89 114 0 4 188 0 0 0 178 78 123 0 0 0 151 131 88 87 60 201 179 218 137 0 0 247 13 163 159 97 205 18 66 97 54 0 213 0 0 0 114 159 0 0 54 0 52 239 183 83 0 0 232 235 0 0 63 229 232 185 0 105 4 0 196 0 118 239 221 193 225 216 186 0 0 214 242 192 0 172 196 42 24 0 0 151 0 136 239 0 0 214 206 27 157 139 121 230 0 0 249 0 201 240 0 127 1 36 138 27 26 0 0 72 61 0 206 0 140 69 177 188 1 170 106 132 51 10 97 93 55 0 237 80 0 92 235 169 44 245 10 0 86 0 0 145 0 6 0 249 221 112 0 0 93 0 46 16 169 0 36 13 162 111 27 0 7 0 71 0 110 66 10 46 122 111 221 115 148 114 146 0 228 117 0 0 205 0 84 181 129 0 0 0 0 37 23 0 112 36 0 131 0 0 
0 12 206 0 111 86 59 57 241 40 34 194 171 35 95 0 99 82 238 130 160 57 170 0 0 209 0 0 0 38 0 131 98 44 190 0 145 0 0 120 63 1 41 186 122 116 0 59 52 69 188 203 8 9 173 180 6 0 248 0 97 25 194 30 0 126 224 0 217 133 190 220 0 97 225 0 0 21 27 47 22 0 117 129 109 145 149 0 90 245 0 0 0 141 225 0 111 4 0 0 0 0 191 0 0 0 138 181 220 0 171 0 151 0 0 0 0 0 15 52 58 89 38 153 219 148 114 0 0 138 0 0 173 14 78 176 203 0 0 52 0 88 3 172 0 95 217 0 0 225 110 5 215 26 168 0 0 243 0 34 188 0 0 0 106 65 132 229 0 34 0 0 10 75 149 0 0 99 119 0 0 202 172 0 248 150 62 64 0 0 212 0 226 185 45 132 61 114 0 110 55 101 216 39 222 238 102 183 168 172 235 95 152 0 77 0 229 229 89 0 0 211 174 31 99 152 203 241 22 134 100 84 0 140 56 216 0 182 22 230 190 0 239 2 232 165 0 0 0 126 
114 193 0 28 49 236 0 0 110 246 190 69 0 223 100 0 166 0 200 110 84 229 52 0 29 116 0 0 0 234 110 211 0 200 175 0 212 101 0 56 218 247 228 0 0 0 100 135 0 186 0 82 51 77 0 184 202 181 177 0 140 52 51 211 144 0 212 239 0 95 0 9 106 13 66 152 116 0 0 0 85 89 85 145 0 14 0 97 112 66 0 0 0 0 196 234 196 77 75 58 54 233 72 210 162 131 60 142 0 169 128 153 238 183 126 0 245 195 5 215 0 43 17 32 0 0 211 145 0 138 0 148 145 44 175 154 21 159 0 120 22 88 96 0 60 160 142 0 0 55 72 0 214 0 0 191 16 0 147 205 94 8 20 0 135 170 169 0 236 40 0 226 16 0 143 186 222 3 19 205 0 179 122 73 245 122 0 77 178 78 0 46 167 0 128 224 10 105 0 20 210 0 0 235 0 0 111 127 201 152 49 207 0 1 75 15 0 89 180 136 96 178 23 163 193 0 0 0 126 225 0 11 0 187 40 0 0 0 242 23 113 110 0 200 0 125 1 0 148 0 
38 179 0 0 194 80 197 50 128 227 0 192 0 94 0 240 128 190 119 228 22 207 106 136 7 175 0 38 234 0 152 131 249 181 108 232 177 175 23 0 106 5 187 123 118 0 0 131 20 106 14 0 157 0 0 116 0 0 146 128 50 109 42 6 169 87 0 241 0 152 0 32 245 124 174 103 88 44 57 152 0 125 0 218 79 226 189 143 98 92 0 143 76 0 38 0 156 0 31 0 0 0 0 0 214 50 0 178 0 17 44 0 0 0 0 0 7 214 123 184 16 104 83 0 9 0 116 197 249 0 0 229 249 136 0 0 203 0 14 244 48 220 0 160 0 7 84 0 204 130 106 179 0 206 63 59 225 39 119 200 0 144 70 241 0 206 234 232 197 24 241 114 40 0 0 0 0 222 28 122 101 123 0 0 73 246 0 15 0 51 39 134 137 183 161 243 55 71 0 56 152 1 179 201 0 177 25 46 0 168 118 209 228 241 0 0 20 189 0 190 194 62 202 0 182 0 132 186 203 0 237 194 54 122 102 67 0 205 0 0 146 59 150 229 35 152 0 157 103 96 
197 206 0 0 0 5 60 55 173 227 0 0 118 0 241 152 240 9 154 46 44 237 170 0 215 225 226 0 110 152 0 0 0 249 136 43 56 235 193 0 151 0 8 0 0 215 24 162 0 189 84 169 0 0 30 0 0 208 0 0 146 201 80 192 47 173 10 189 203 159 152 170 174 177 0 1 196 0 220 0 203 189 222 193 193 51 0 82 78 106 16 238 118 63 146 219 147 113 74 29 0 236 36 188 217 0 0 0 4 55 159 0 212 216 38 0 0 0 133 39 167 115 9 50 0 191 145 0 179 0 204 52 14 0 206 208 0 47 147 0 249 48 69 62 48 66 191 0 112 185 3 0 223 0 0 0 136 77 0 0 0 103 0 38 184 88 104 0 25 232 93 77 96 136 0 205 0 148 149 0 4 142 225 66 207 230 0 18 31 8 0 0 0 240 0 228 0 65 0 86 123 230 0 0 77 82 86 0 0 42 36 172 78 199 104 0 0 232 37 0 68 171 151 210 225 105 53 169 0 63 149 59 231 107 0 126 0 248 225 166 52 158 54 14 79 83 0 186 0 172 
17 48 25 151 120 0 107 189 110 78 47 173 0 0 174 85 157 116 21 114 128 134 32 116 0 0 0 131 211 131 0 0 38 125 10 91 49 0 0 0 170 21 142 0 182 134 161 194 52 184 0 15 220 241 38 0 191 0 23 0 0 108 62 216 0 0 0 0 0 190 108 96 64 131 38 200 165 0 35 205 133 72 0 190 0 197 58 103 0 61 15 0 0 64 68 234 131 0 44 169 124 8 0 159 96 148 58 0 0 74 175 53 0 0 249 0 35 219 124 222 0 178 41 59 108 113 157 186 150 101 0 0 216 9 62 38 0 0 0 244 45 139 40 47 244 62 0 38 114 154 7 15 0 0 166 127 70 213 0 0 0 202 248 139 68 0 188 63 188 58 162 249 11 228 191 114 188 216 133 44 55 0 110 5 190 0 75 0 13 192 0 0 24 149 0 81 176 236 0 199 0 26 0 117 185 0 31 63 152 113 214 0 243 208 203 114 45 174 123 242 0 45 193 247 177 67 182 81 0 0 0 0 0 102 36 0 7 0 120 51 107 0 151 51 52 207 0 0 226 0 
0 0 17 3 88 109 96 0 52 138 50 97 41 191 188 229 213 0 235 41 0 0 165 170 233 0 0 98 0 249 0 38 0 228 198 138 135 195 169 0 0 0 97 0 27 0 34 28 121 82 183 235 49 229 0 99 229 137 0 227 101 44 206 0 18 122 122 64 80 105 0 161 205 112 91 59 86 88 0 187 53 103 188 124 155 0 121 0 0 219 11 227 206 118 0 4 139 124 92 91 51 13 232 71 0 53 222 150 0 218 117 0 0 0 0 14 142 17 0 155 86 0 242 24 0 70 75 149 17 129 237 99 0 75 0 139 182 0 234 45 90 71 141 150 0 128 123 191 5 3 0 0 93 88 92 228 84 148 170 50 103 164 68 63 171 0 0 0 30 86 0 0 165 33 0 60 66 152 42 73 0 16 54 48 233 86 110 0 0 0 79 0 55 69 231 58 223 65 29 194 42 6 0 135 0 122 0 169 112 165 1 174 0 175 81 0 147 141 195 35 87 0 183 198 75 159 221 59 212 0 116 77 35 226 66 89 0 12 22 0 0 99 187 164 32 209 61 166 0 50 
80 212 176 0 24 232 0 21 248 208 113 62 231 189 0 188 172 51 187 0 0 0 62 77 0 76 0 44 200 181 249 125 228 0 0 0 0 26 198 100 108 0 24 0 46 131 26 74 0 170 192 179 13 236 111 45 151 11 145 0 168 235 221 26 193 140 6 55 0 176 163 0 0 0 151 53 216 66 42 152 0 100 68 51 0 46 0 139 0 0 0 74 126 122 0 0 204 0 202 204 64 70 247 121 191 0 0 75 128 45 0 229 244 8 139 118 228 130 0 199 127 179 48 0 203 229 162 0 0 24 2 0 53 114 0 227 0 0 118 0 130 34 0 182 89 0 0 0 0 87 68 196 221 0 197 0 0 0 79 0 156 81 192 244 0 0 152 0 0 126 141 222 8 152 103 0 0 217 0 182 116 93 0 18 0 8 234 63 0 228 139 7 156 205 247 14 77 89 61 226 17 98 127 153 0 0 248 0 245 0 219 174 0 248 242 119 88 206 117 170 144 88 96 17 0 0 201 88 0 198 0 77 160 112 208 145 152 146 62 124 37 143 0 0 122 15 166 0 17 58 
146 174 0 0 186 0 92 0 0 27 0 12 29 118 0 122 91 199 0 233 94 35 10 146 154 106 206 190 175 108 136 10 198 0 0 105 126 147 202 0 113 185 0 88 160 151 0 117 205 94 0 82 9 0 197 121 141 219 135 0 182 0 63 13 51 223 20 199 39 115 172 0 41 26 0 0 0 126 0 213 242 103 138 141 0 82 131 195 5 0 139 232 0 199 134 0 95 243 154 115 25 129 160 150 206 0 0 127 177 204 173 46 122 40 200 50 0 61 0 201 0 0 183 60 138 230 210 0 54 247 9 202 67 21 0 207 5 169 71 145 16 26 216 92 88 0 125 82 102 77 65 0 0 0 34 40 19 247 205 0 116 0 177 227 33 222 144 27 0 97 1 160 143 172 27 31 0 146 161 196 96 54 0 122 184 243 36 0 0 236 146 0 101 210 138 74 175 0 39 236 53 141 0 118 174 0 94 85 157 134 248 0 153 232 0 97 210 0 207 171 46 0 0 168 193 120 0 0 94 64 21 0 0 47 0 132 38 193 0 168 167 204 0 1 63 0 217 178 9 218 
28 0 0 174 0 0 0 0 77 9 0 114 0 223 74 210 235 55 108 0 0 48 182 111 11 201 115 0 0 232 43 91 138 0 105 0 0 232 12 24 76 69 0 246 0 97 84 198 148 71 0 78 155 0 33 21 238 86 99 0 0 0 112 138 0 0 28 147 172 196 218 0 0 0 164 82 249 232 230 0 103 0 0 211 144 189 0 93 146 143 70 0 0 0 172 0 0 0 126 114 2 65 129 154 241 74 206 0 153 185 235 242 0 134 181 167 0 0 160 130 0 244 59 0 60 0 0 0 49 0 0 144 204 41 3 160 174 0 0 153 0 22 204 28 53 29 72 0 145 0 247 102 6 215 49 151 0 0 0 226 9 109 0 0 109 244 4 0 0 64 0 88 0 230 0 148 59 208 41 142 0 35 0 0 123 34 190 93 0 125 89 0 2 0 159 129 108 0 0 142 0 191 234 14 0 106 111 228 28 0 224 36 0 9 61 234 50 27 216 127 238 0 139 76 23 0 226 0 31 190 236 25 245 0 237 0 0 118 144 242 186 45 160 144 189 231 0 167 0 191 
50 160 0 0 120 26 158 30 142 0 247 0 32 241 29 233 201 203 15 25 166 104 0 48 215 97 59 145 212 177 56 49 135 0 126 0 0 0 0 174 0 222 103 20 0 69 0 112 228 7 103 31 98 54 210 28 211 49 0 178 45 217 88 99 206 55 79 227 209 34 0 16 240 5 0 132 165 246 0 0 53 100 0 65 217 36 0 23 4 0 0 0 5 98 113 66 0 29 18 0 17 30 60 57 107 44 154 151 91 60 56 100 228 0 25 98 69 48 0 53 25 23 211 0 67 0 124 101 182 54 0 0 0 0 0 103 9 47 0 146 105 0 171 115 61 81 0 79 143 175 20 152 215 0 235 97 49 0 249 79 0 71 174 0 13 0 166 91 76 249 241 118 21 0 108 0 67 85 127 109 81 0 12 0 128 210 103 12 243 139 0 192 0 120 109 20 217 165 167 0 0 70 123 0 1 0 0 199 53 0 163 135 160 0 152 155 224 13 30 248 0 0 238 0 188 162 0 0 210 0 0 66 0 33 56 111 74 0 113 165 15 84 68 0 2 102 107 184 59 110 
129 45 0 0 192 206 31 6 176 184 25 0 48 17 0 93 9 0 41 0 0 0 126 90 0 105 0 0 101 175 235 0 195 26 147 232 0 0 29 0 0 84 171 27 86 0 0 174 0 23 196 201 237 0 19 1 152 85 0 192 136 240 66 162 58 0 0 0 0 0 148 163 63 0 85 117 232 207 0 25 65 0 103 155 0 69 201 31 0 220 79 0 0 39 114 116 0 37 0 31 219 153 138 223 0 90 0 0 0 227 153 103 148 117 174 0 0 66 58 189 0 185 70 0 139 231 0 0 0 206 31 17 0 0 184 15 0 0 151 56 112 206 210 97 0 168 0 86 91 0 0 47 0 23 197 111 222 0 0 0 173 0 174 232 73 0 70 17 82 0 119 37 58 59 132 63 0 33 48 0 181 34 0 0 0 159 0 0 234 0 0 0 50 0 177 0 24 0 0 73 43 174 0 175 103 0 0 0 120 176 0 0 1 126 14 0 98 171 73 139 113 66 4 99 240 0 0 0 19 159 115 144 182 52 0 133 163 0 114 74 159 195 222 19 0 166 0 100 188 218 
115 132 198 245 0 0 0 180 0 64 16 0 199 111 70 74 67 0 196 31 17 169 195 130 210 136 0 0 0 23 193 0 169 198 202 12 0 29 0 92 53 238 0 233 208 0 0 83 0 0 0 204 205 133 187 0 0 150 0 187 11 61 219 0 107 22 120 236 0 220 197 0 0 0 127 147 0 0 138 0 59 246 188 156 0 43 189 156 19 11 33 94 0 61 241 0 0 85 0 207 0 228 0 0 0 30 0 0 58 176 208 130 0 0 141 101 41 0 204 150 0 102 146 0 87 0 51 140 0 0 0 109 0 118 36 51 183 0 0 0 0 184 151 36 89 103 152 27 0 25 130 155 0 0 63 20 174 186 0 0 15 20 0 123 167 0 249 0 103 246 0 186 80 0 99 152 100 0 56 24 34 106 199 56 0 125 0 24 0 245 101 0 96 209 0 47 178 126 122 117 20 143 0 164 241 73 91 153 148 0 0 82 48 0 24 0 35 0 0 226 0 0 126 124 0 81 162 0 0 157 229 33 34 8 0 117 68 6 44 96 143 0 169 0 0 157 0 46 35 143 
0 189 0 150 180 187 181 157 111 0 188 97 1 19 0 74 6 124 172 154 205 224 140 68 0 34 223 120 56 0 0 0 0 100 0 24 174 0 92 0 82 24 17 123 0 77 0 189 13 44 158 0 52 231 219 0 195 86 20 181 0 32 179 53 14 83 193 216 26 174 0 221 37 0 0 241 0 72 104 54 80 0 193 0 0 44 140 146 0 195 218 0 211 0 0 66 56 167 106 168 158 0 185 176 0 53 41 0 241 211 0 198 158 138 171 75 0 219 132 143 61 0 138 1 4 8 0 22 0 104 98 0 0 71 137 0 194 32 0 198 0 108 0 43 0 0 0 84 0 216 95 27 112 242 231 0 206 0 247 18 140 0 0 0 40 0 228 154 76 0 0 120 136 0 143 113 0 228 109 67 10 130 13 151 218 62 25 17 0 241 131 0 171 56 141 189 126 156 185 145 131 38 0 26 80 0 56 28 0 204 107 94 196 187 1 246 0 5 0 0 229 35 0 0 48 144 130 16 203 56 30 0 0 99 0 239 144 0 0 0 0 217 0 0 4 0 77 217 0 41 
235 171 0 0 190 0 0 37 0 0 235 0 0 212 193 232 0 119 0 0 0 0 78 210 125 230 52 63 218 106 151 170 0 108 113 76 0 0 53 82 0 220 182 75 0 0 106 134 0 96 0 0 0 239 0 0 0 58 65 66 168 169 179 218 0 195 140 221 25 206 78 0 134 224 171 12 144 238 27 0 87 244 55 20 204 25 249 0 0 161 0 0 30 156 14 52 162 0 0 21 0 196 162 231 122 0 194 159 244 16 148 0 57 193 19 53 61 0 102 147 127 79 17 74 107 187 207 233 112 8 136 0 62 221 0 29 0 230 0 0 0 0 185 177 249 106 131 0 117 128 232 28 189 34 242 11 71 88 220 16 8 0 175 0 0 205 21 205 0 3 42 0 189 0 7 131 0 0 192 94 97 0 69 224 140 190 4 88 207 52 96 0 0 180 0 32 0 0 188 210 143 191 124 0 89 189 96 175 20 0 99 227 0 242 210 0 0 56 82 0 150 0 28 101 19 107 0 62 239 189 0 181 0 0 0 23 0 104 90 0 231 118 170 59 98 191 119 100 41 26 
152 0 0 229 0 21 4 9 165 20 146 248 92 0 217 116 235 0 0 217 172 222 0 53 21 69 116 1 247 5 0 21 0 0 185 69 222 84 238 24 220 0 53 168 27 0 0 178 199 209 0 116 179 117 106 169 0 213 69 62 54 45 16 238 177 170 104 53 0 0 0 217 27 215 88 234 190 88 214 158 136 44 105 106 0 238 115 95 5 0 28 32 0 127 102 10 204 13 152 173 116 0 242 0 246 0 199 190 218 144 32 162 0 226 26 0 0 148 40 54 149 248 88 6 0 102 0 0 226 0 0 209 95 0 15 70 222 110 53 92 76 181 230 161 0 16 104 224 0 0 119 75 159 233 0 214 0 9 152 0 0 201 70 42 0 118 213 133 233 235 0 166 107 180 120 0 36 60 0 0 0 0 29 144 240 218 242 75 223 236 204 127 0 0 125 130 47 126 188 104 0 214 87 183 25 204 112 227 0 102 157 86 198 0 7 95 0 0 59 50 133 56 197 20 0 50 0 51 118 84 155 0 227 0 161 82 0 0 1 119 129 21 201 181 42 3 0 93 0 0 
0 0 0 101 0 59 246 36 184 171 201 223 230 0 9 158 129 0 246 0 11 0 0 106 171 0 225 41 228 187 8 142 97 24 0 0 103 171 0 17 182 53 0 0 240 0 233 223 82 205 211 41 0 196 238 28 208 0 0 38 0 154 18 0 1 45 138 107 0 0 240 4 199 0 225 210 72 0 18 12 187 160 0 29 30 91 0 143 0 166 0 39 119 199 163 23 142 108 155 0 0 214 107 130 246 0 0 0 122 0 219 219 85 35 0 79 0 0 18 122 236 10 174 0 233 158 0 53 216 45 116 144 0 8 178 48 0 233 59 60 0 185 152 218 0 116 111 114 0 8 216 149 0 0 199 177 206 0 0 0 0 0 0 34 39 0 94 135 141 0 0 223 0 0 0 231 72 0 38 0 0 118 70 0 196 28 19 145 0 84 154 101 171 242 32 83 235 0 55 150 0 0 127 147 208 186 0 96 244 87 212 0 116 200 223 23 47 171 12 191 117 0 0 0 1 0 0 0 157 69 167 0 213 0 0 0 160 0 52 72 104 219 13 0 225 222 10 158 164 0 
221 178 200 234 83 32 122 112 186 26 19 81 0 211 0 18 223 0 91 77 0 235 148 130 93 167 138 186 0 123 0 0 0 0 88 246 20 27 233 123 75 168 0 0 227 246 17 0 0 114 205 0 0 0 242 21 0 0 172 45 0 223 0 22 0 168 9 0 0 0 144 68 119 0 0 73 229 228 97 18 0 205 0 243 78 104 0 157 161 219 14 130 11 88 185 0 95 185 201 66 64 21 173 0 128 140 216 105 221 233 140 0 11 0 158 0 0 0 0 1 0 182 0 154 164 136 140 47 0 0 0 219 229 119 0 0 0 233 195 45 73 175 100 0 205 0 0 207 67 2 92 49 0 28 143 0 33 0 0 85 0 16 225 238 0 87 91 220 68 189 0 245 39 0 45 0 34 70 128 56 145 64 0 3 89 0 237 7 0 78 17 20 248 36 56 67 170 0 57 87 26 0 235 14 204 0 193 44 0 196 0 161 69 97 84 146 127 28 108 130 0 65 110 232 0 182 37 231 94 192 41 0 189 0 237 0 88 176 96 62 0 0 0 0 0 9 0 107 0 160 
0 0 0 199 11 12 92 236 204 215 2 116 193 171 0 37 192 0 124 193 0 72 67 0 28 147 26 122 0 118 0 182 27 46 160 0 0 86 208 0 0 27 240 227 0 158 0 129 157 206 54 124 0 0 99 229 177 138 97 79 0 0 216 71 51 0 194 0 99 21 110 188 100 71 136 217 224 159 72 76 144 231 0 187 21 0 0 44 229 163 0 150 0 5 53 35 122 58 0 152 123 0 0 0 48 171 5 77 168 78 0 227 0 149 51 246 163 0 214 35 141 146 217 85 0 243 0 55 74 147 232 129 177 42 99 9 192 144 75 189 0 177 0 78 112 40 0 0 70 78 230 0 199 244 0 24 157 79 234 51 2 0 113 213 58 0 183 41 10 0 0 0 196 156 0 28 0 133 206 0 0 246 76 0 0 0 0 242 14 138 143 78 173 108 0 0 177 0 149 48 96 249 170 168 197 46 101 72 227 25 87 174 190 187 0 154 0 183 135 0 141 0 0 91 199 170 11 36 80 136 31 98 161 0 49 82 96 10 248 0 48 140 0 0 13 195 226 0 154 8 
10 0 154 0 224 125 0 0 0 7 10 202 202 128 63 235 0 0 0 0 247 56 53 0 174 108 0 116 0 0 215 134 0 131 151 97 69 0 0 77 0 0 0 246 158 0 0 16 189 0 231 232 38 0 146 131 208 113 0 155 177 0 46 0 147 2 146 0 3 0 234 193 226 41 42 0 206 0 0 180 132 139 148 30 188 0 188 0 0 148 112 0 0 82 154 230 0 126 166 30 220 0 0 11 33 230 0 155 0 0 39 144 212 249 0 35 159 0 51 146 96 31 243 173 181 136 45 50 104 246 143 229 178 72 132 225 0 29 238 20 121 128 148 194 120 49 0 160 0 164 0 9 185 150 227 146 0 184 233 0 110 96 158 194 0 180 0 106 110 36 53 0 45 0 74 215 0 234 0 26 64 0 141 0 0 27 182 201 0 0 0 244 0 0 0 183 158 223 0 129 188 198 25 0 0 0 0 242 54 94 230 45 96 0 111 185 135 0 114 0 0 0 25 153 190 111 0 89 124 137 177 0 30 0 102 117 0 170 234 196 0 75 0 89 85 68 0 0 0 0 
162 0 152 51 171 0 0 108 46 115 0 229 40 0 196 0 194 130 0 147 40 0 56 0 116 205 89 0 100 0 24 161 34 26 0 84 0 0 0 0 106 0 233 17 0 0 0 157 17 196 24 0 0 90 0 210 0 0 0 233 154 69 126 0 0 144 179 0 0 0 67 180 0 128 0 0 137 5 210 0 123 133 0 14 39 147 205 183 97 243 114 9 165 55 0 238 164 106 0 0 216 12 0 192 0 60 223 177 0 66 229 151 0 0 3 0 206 191 30 188 174 248 0 85 191 0 111 0 93 0 182 0 98 158 0 0 228 0 224 90 100 0 0 124 60 111 205 111 200 0 0 0 0 0 205 126 0 218 91 26 0 170 64 155 247 0 0 97 217 131 100 0 192 0 181 57 70 7 83 217 191 0 0 126 59 0 185 160 0 39 210 0 201 0 0 0 0 137 238 8 63 166 50 111 0 0 245 24 0 105 183 0 0 15 214 174 0 53 118 139 111 148 240 227 0 31 0 0 150 0 0 2 0 33 159 29 235 0 177 126 0 0 167 170 0 0 0 218 128 0 
111 0 216 13 217 142 89 93 0 0 225 0 130 185 0 68 33 156 0 153 219 0 245 200 0 0 114 59 135 131 162 194 28 74 117 198 112 174 83 189 134 178 223 0 129 16 157 0 42 0 93 210 247 206 200 7 7 215 14 52 0 118 201 1 121 196 57 42 150 0 70 76 0 0 104 99 0 199 147 88 107 0 169 0 24 191 104 39 216 28 89 0 102 0 0 228 0 116 4 52 230 67 132 98 0 0 0 128 151 0 0 63 0 178 106 152 231 51 28 139 117 218 0 248 0 155 143 0 152 0 78 129 0 131 173 47 0 148 156 52 69 0 105 110 109 108 49 72 16 0 221 155 139 59 67 4 248 239 172 0 13 152 0 93 232 0 99 229 0 235 167 37 0 0 167 97 75 98 46 213 0 0 242 34 0 117 125 0 77 209 171 0 234 17 180 0 129 0 161 34 77 0 136 191 180 0 56 27 0 59 29 0 153 69 71 0 120 150 185 0 24 199 217 0 90 0 55 39 197 0 0 215 0 18 33 199 0 215 39 249 80 16 29 203 149 3 54 136 70 11 
7 7 0 0 113 97 0 0 182 135 139 227 0 67 235 206 223 180 0 156 35 0 0 141 0 23 0 52 0 20 0 52 121 0 205 148 228 0 0 13 0 199 82 0 157 189 17 42 0 0 88 237 0 0 27 0 157 190 165 22 42 8 213 5 0 223 0 52 0 132 87 40 54 0 222 108 0 0 59 167 183 11 0 244 202 26 0 207 73 114 129 245 172 184 240 12 0 200 0 72 42 0 117 40 0 231 26 127 55 144 120 204 0 93 129 165 0 238 0 0 0 109 34 71 20 0 65 120 105 233 0 62 0 0 14 137 29 69 0 105 81 0 85 8 193 0 223 208 0 209 220 0 0 11 237 92 102 44 0 237 54 0 38 190 199 148 148 63 50 20 0 73 0 98 150 104 0 183 93 0 185 133 20 218 108 0 212 0 15 153 81 0 145 141 234 223 127 213 3 134 0 0 112 0 44 188 145 0 103 96 2 199 186 32 195 0 0 99 0 48 24 207 200 216 41 19 119 77 102 203 0 0 101 56 161 79 227 204 0 37 188 0 59 215 0 114 0 78 79 0 
0 228 94 186 104 165 204 196 218 29 0 74 0 0 53 0 119 107 188 69 0 0 0 186 0 231 4 69 186 106 189 184 82 170 94 71 7 23 0 44 96 209 205 114 206 0 196 0 0 0 74 79 173 0 187 199 0 0 47 0 247 0 0 0 52 158 0 70 19 160 8 101 0 209 102 15 114 0 144 10 0 0 0 0 0 40 0 196 243 0 137 0 0 40 0 212 186 116 124 136 0 239 230 196 23 0 226 0 0 0 84 0 0 0 98 0 0 31 114 0 82 57 154 109 174 194 93 134 0 45 0 111 166 193 79 94 0 244 79 221 0 129 116 0 129 0 145 0 36 197 243 132 0 246 33 168 212 148 0 187 0 0 83 202 134 234 97 0 100 152 0 160 234 0 166 202 195 184 0 0 125 0 93 66 136 234 58 0 3 101 240 0 80 28 16 0 0 176 0 0 241 31 211 249 71 10 223 88 172 0 36 78 0 0 15 148 138 227 111 173 31 188 150 0 0 49 230 73 186 0 27 77 15 8 0 0 38 0 194 0 52 78 122 17 0 111 31 0 104 27 
0 0 38 114 127 36 0 26 181 191 140 0 242 53 230 239 37 140 95 0 199 208 226 0 149 0 188 188 0 14 84 0 183 192 0 0 103 196 0 158 0 0 211 205 54 231 24 93 88 74 0 98 0 45 30 241 50 248 77 0 46 23 160 0 0 93 124 0 221 123 18 0 0 188 17 111 240 0 0 157 36 246 92 0 0 160 93 0 0 0 38 165 184 191 162 89 0 141 235 153 205 65 99 0 132 127 34 230 169 124 88 143 119 29 0 179 102 243 31 118 0 69 174 113 184 0 0 131 135 10 230 213 0 187 181 17 0 57 13 0 0 46 0 0 248 0 0 181 33 0 137 222 0 54 155 0 224 0 56 137 46 40 164 118 122 112 177 71 155 0 0 151 56 218 0 111 0 84 210 0 9 117 53 189 96 205 0 155 170 87 58 132 128 227 169 176 21 131 0 231 0 59 217 145 154 0 182 114 0 58 188 0 182 187 20 84 185 0 51 55 237 108 37 226 25 144 33 77 0 134 150 219 128 124 89 131 115 16 107 180 51 104 53 0 2 53 0 72 150 178 
