300
0 158 54 0 0 0 214 113 0 91 64 130 0 42 128 290 0 0 5 293 53 0 0 27 88 282 0 0 21 0 0 260 25 0 172 128 244 241 293 77 0 0 225 17 0 79 0 23 0 46 0 0 248 168 248 0 32 210 48 240 81 123 0 0 289 175 156 275 214 47 215 277 221 182 0 177 235 172 106 133 11 240 0 160 57 20 143 0 11 250 15 72 0 186 0 0 107 156 30 95 0 0 0 245 0 100 0 157 120 297 0 280 0 80 52 0 184 136 108 0 163 126 0 24 144 181 155 243 47 0 0 0 0 260 0 0 106 58 0 0 0 286 273 238 0 271 0 76 221 272 140 0 10 0 0 84 0 265 294 0 193 155 29 39 0 82 0 130 264 289 136 245 0 0 158 0 149 111 65 184 0 0 185 249 155 255 79 56 0 0 117 196 10 0 18 211 0 0 292 59 68 104 0 261 271 82 105 0 0 0 155 245 231 58 241 0 186 4 140 297 180 0 0 7 17 0 61 260 0 56 293 284 0 267 0 118 74 64 167 23 0 0 203 0 267 0 0 219 108 0 251 9 54 161 223 139 0 153 0 117 257 291 0 0 275 294 61 0 190 222 0 179 0 23 0 0 206 272 291 77 108 0 144 83 50 197 12 0 45 0 154 266 0 219 25 0 154 0 203 116 
158 0 229 0 0 51 121 0 0 0 106 290 174 0 156 0 0 172 0 3 146 144 22 16 67 0 2 232 0 178 0 34 165 0 0 206 0 203 234 0 129 125 262 0 0 0 138 279 15 194 277 71 169 0 0 264 0 84 0 81 0 0 185 0 291 178 298 210 0 293 255 145 124 0 0 242 0 40 0 59 0 230 0 0 0 0 64 0 236 102 129 71 208 197 73 46 274 105 215 0 67 233 116 73 238 68 150 118 0 200 0 249 96 56 164 0 127 44 179 19 299 98 107 115 69 264 125 201 0 203 117 258 0 0 29 271 137 279 222 12 274 38 88 0 0 29 251 91 0 0 282 0 170 160 94 38 187 0 0 195 128 18 0 62 130 0 227 59 201 192 191 0 228 127 0 13 267 0 0 0 0 198 0 256 0 0 61 283 245 33 111 99 0 48 48 187 238 108 156 141 256 267 52 274 142 0 0 0 142 0 251 0 0 260 190 251 277 39 260 0 0 183 0 73 231 0 0 123 135 246 214 0 0 249 149 0 44 0 261 61 62 0 131 0 0 57 90 265 0 175 0 292 177 83 21 121 271 163 0 141 0 249 0 0 16 297 0 0 147 74 0 162 118 81 167 214 0 143 35 0 25 0 254 92 176 118 0 104 187 127 179 30 0 195 0 134 0 155 20 222 
54 229 0 36 148 140 27 62 0 70 278 141 0 0 240 85 0 177 216 22 0 1 49 299 0 248 0 0 200 0 0 174 242 0 0 247 55 129 150 189 147 0 168 178 51 41 12 203 289 0 2 0 109 0 127 160 251 3 36 0 266 0 262 121 206 184 0 147 107 226 0 0 239 166 197 0 0 75 171 253 197 153 178 238 102 0 236 0 121 0 112 30 186 53 4 126 16 254 37 267 294 212 92 215 289 114 0 8 59 201 57 243 0 0 0 0 198 266 0 70 84 28 66 37 169 207 153 150 0 292 0 0 0 282 0 0 30 194 85 105 171 279 188 230 134 197 0 0 60 284 0 0 266 53 282 73 0 53 255 0 10 0 0 0 0 216 0 182 181 0 277 0 0 285 110 124 269 188 53 0 0 282 147 53 0 0 225 0 232 123 208 175 23 18 0 65 0 211 220 254 0 176 0 229 16 176 274 147 263 0 206 8 39 85 33 283 0 0 46 53 177 138 0 260 2 85 233 170 247 45 0 18 0 85 118 259 0 62 224 142 63 143 237 0 64 260 193 105 0 220 177 185 0 29 113 98 287 0 0 163 213 284 0 2 0 35 169 142 239 37 113 234 0 70 103 0 0 31 279 72 0 0 0 0 0 0 108 0 134 272 224 45 0 40 13 0 183 0 0 72 
0 0 36 0 222 187 290 0 3 0 0 0 100 0 64 16 226 199 35 113 92 0 213 247 3 151 279 39 18 0 182 217 9 110 0 280 104 0 0 154 178 227 212 219 0 0 0 229 247 29 0 155 60 0 0 235 153 255 131 246 265 281 143 0 0 165 33 0 6 11 164 262 294 273 160 0 14 0 45 144 20 82 0 114 156 0 71 230 175 163 276 163 4 150 284 284 35 187 0 0 272 0 0 276 42 161 0 61 183 285 299 134 169 0 237 224 0 141 0 131 0 0 113 55 0 225 117 0 0 75 299 0 0 0 174 0 35 0 0 180 56 145 96 17 30 89 2 40 97 158 30 187 192 168 58 136 111 199 211 0 166 253 72 271 265 22 2 0 31 0 0 24 174 91 0 99 296 117 0 0 0 45 0 64 6 129 0 140 126 274 145 61 277 253 273 0 99 255 42 0 0 19 193 0 292 52 0 36 138 0 101 0 210 226 0 0 165 58 129 78 266 240 51 100 0 200 83 0 0 189 90 30 189 0 15 0 0 275 0 0 0 26 159 50 136 14 0 0 0 0 71 119 99 0 0 0 282 61 229 246 0 0 0 260 55 0 0 0 184 156 61 67 87 48 181 271 261 0 31 51 0 257 25 205 3 283 260 0 86 288 27 251 50 117 168 163 96 58 0 18 
0 0 148 222 0 284 220 195 0 103 0 22 155 182 200 18 113 62 0 0 187 90 265 80 0 110 107 286 143 62 165 16 0 155 0 152 0 0 54 6 0 178 0 0 0 70 202 0 246 288 0 0 0 203 217 115 0 140 0 126 22 0 99 156 281 115 36 0 0 153 163 2 238 230 0 42 202 22 257 225 0 263 36 0 33 0 55 0 0 66 253 170 19 98 64 0 291 0 0 124 60 53 0 294 150 0 185 255 0 130 215 0 189 259 0 157 0 253 151 211 221 124 187 0 299 217 95 0 251 162 191 62 3 0 0 238 0 275 40 103 37 0 135 141 20 62 0 132 127 0 66 291 109 0 175 0 37 0 0 80 137 287 0 0 0 264 152 178 75 100 137 180 0 183 261 37 0 0 32 43 0 176 103 63 88 213 0 196 0 138 0 156 178 269 91 0 0 0 254 139 85 0 241 0 0 0 190 0 245 54 72 58 39 0 122 0 5 0 251 0 295 0 241 73 116 0 112 139 26 132 242 95 217 178 163 94 143 0 233 246 195 166 59 0 212 248 263 177 193 0 234 0 0 284 105 230 181 0 0 55 195 296 117 0 64 31 36 196 47 279 150 119 0 0 116 0 235 111 0 102 130 259 24 77 227 164 3 271 280 124 170 0 65 0 293 154 0 0 0 18 
0 51 140 187 284 0 0 0 229 183 0 0 0 0 0 0 284 72 85 187 249 201 162 28 0 116 0 96 160 0 0 243 0 0 175 78 269 140 0 43 44 162 273 106 134 181 189 0 153 187 12 230 67 262 291 0 242 222 0 85 0 78 225 92 224 28 149 0 0 88 151 229 59 132 0 109 161 118 195 226 0 0 272 0 178 205 256 0 225 291 170 237 41 0 273 0 17 0 215 184 6 102 2 37 0 299 175 77 212 282 0 35 52 66 49 0 281 130 157 0 152 0 0 0 296 142 0 125 171 198 85 213 0 7 66 0 0 0 34 140 275 0 0 0 137 0 0 176 96 50 143 184 224 118 0 291 251 71 0 229 0 159 52 96 144 109 49 0 118 0 90 10 222 273 62 0 135 207 210 232 87 64 81 0 88 117 258 0 103 274 175 63 0 0 59 0 0 30 145 0 66 267 114 0 274 255 125 26 0 0 0 286 275 252 187 0 0 163 0 82 0 196 0 116 245 51 98 4 152 10 0 175 298 0 130 27 1 272 276 0 288 0 0 0 59 47 193 0 204 50 0 0 0 228 234 50 143 0 0 77 0 239 0 147 255 55 143 0 0 0 0 0 34 272 0 29 0 195 83 0 0 292 221 0 183 182 187 287 174 0 1 101 136 291 198 104 91 120 175 89 
214 121 27 290 220 0 0 0 219 106 0 112 0 182 144 0 0 34 0 186 189 0 285 165 119 212 0 0 0 66 288 263 146 247 14 162 0 0 193 36 190 0 204 141 255 0 194 262 0 135 0 266 248 105 10 161 0 129 143 279 192 10 257 0 0 77 0 20 290 272 13 202 248 5 105 30 0 234 34 85 0 0 16 0 14 227 0 261 254 139 186 78 0 10 0 145 0 271 298 138 221 0 108 248 104 239 0 215 264 30 0 220 0 0 0 182 126 153 80 0 199 137 52 38 155 211 225 231 0 0 0 40 0 0 297 0 186 0 257 117 78 127 28 104 278 153 107 35 73 16 0 18 162 135 84 0 0 175 0 0 51 163 0 267 0 0 52 193 206 0 296 0 0 44 0 256 0 31 148 244 193 0 94 187 0 30 0 129 252 212 43 158 199 297 196 178 39 0 0 52 293 154 285 137 100 0 64 208 0 290 67 0 208 126 0 0 171 0 40 0 0 186 251 236 198 196 150 13 24 238 125 283 90 269 61 179 113 166 83 248 110 29 128 0 157 0 289 0 173 0 0 86 25 103 41 0 46 0 222 0 270 18 102 291 0 48 175 85 43 60 240 208 203 0 0 88 0 249 0 39 105 210 0 18 249 61 257 205 161 43 285 0 126 69 262 98 0 263 96 128 
113 0 62 0 195 0 0 0 286 280 272 253 22 144 211 0 194 137 47 0 75 178 47 3 0 185 97 291 0 202 186 25 179 0 176 0 39 0 0 0 226 30 0 298 132 0 263 0 77 0 28 67 70 137 140 255 289 0 0 142 131 260 34 51 284 151 0 159 104 88 0 0 14 66 102 92 134 180 144 135 72 0 189 89 85 291 93 222 291 110 211 12 19 0 63 15 153 0 0 241 197 0 0 137 154 165 269 70 112 1 0 62 280 196 0 0 0 75 266 131 0 62 263 260 172 218 64 109 211 0 0 0 0 0 87 5 298 0 45 149 0 220 0 292 15 85 236 157 0 241 207 258 48 160 0 95 280 235 13 206 232 88 141 59 108 99 136 223 119 0 216 95 257 242 0 120 0 0 134 210 167 293 112 232 0 136 58 40 0 2 0 0 42 109 0 287 186 44 194 280 0 74 121 290 176 158 205 62 87 0 209 0 200 152 130 95 74 0 275 0 190 3 241 0 0 252 294 0 116 0 228 0 185 213 177 0 0 177 99 0 139 143 0 51 220 153 0 9 0 279 0 0 228 0 55 190 0 49 0 38 0 26 62 227 55 11 186 85 99 253 141 97 0 285 0 215 228 216 0 0 0 298 264 0 162 0 117 160 0 48 31 285 0 134 32 207 48 211 34 199 
0 0 0 3 0 229 219 286 0 221 0 28 0 0 186 60 128 92 285 115 12 254 91 248 0 216 0 0 19 153 13 0 183 294 143 158 234 0 105 55 73 0 0 299 230 36 0 255 103 0 0 51 128 103 13 0 63 143 18 232 188 0 260 106 281 110 0 201 37 293 176 109 183 0 0 283 42 0 0 192 0 88 0 78 0 24 201 4 272 286 0 132 67 293 65 0 0 0 165 37 290 0 0 247 0 104 28 46 176 93 226 184 0 115 295 0 254 81 224 39 0 0 59 188 0 57 228 290 20 70 281 0 45 44 217 270 53 0 179 239 249 0 0 65 274 85 0 14 236 19 65 22 13 145 223 8 0 258 0 0 85 11 0 26 270 0 223 65 98 0 148 0 0 0 33 82 0 280 0 199 0 0 192 0 245 165 153 0 7 119 94 16 261 160 0 202 18 299 0 0 121 197 0 32 0 153 105 0 0 263 0 196 75 0 290 224 191 273 265 65 187 0 108 0 250 173 3 0 0 0 34 0 0 0 188 117 288 88 0 36 17 82 281 133 136 0 225 15 143 181 192 0 289 102 0 203 106 191 128 48 76 0 0 123 0 0 192 166 0 288 0 0 96 0 51 226 111 136 0 31 0 0 48 207 90 123 0 289 200 100 135 0 106 0 0 0 0 277 110 15 
91 0 70 0 103 183 106 280 221 0 183 0 188 125 66 220 59 170 101 0 67 71 172 0 195 173 163 119 0 0 281 104 215 0 238 123 252 269 143 183 255 274 0 0 0 131 0 89 0 141 265 57 0 168 0 0 0 13 45 0 0 91 232 0 0 143 0 38 269 86 291 12 0 117 285 0 0 212 0 49 176 0 0 85 0 272 56 0 120 0 37 185 138 258 3 291 200 0 215 0 0 0 276 0 0 218 70 131 0 94 0 203 0 36 73 0 219 0 294 276 0 188 260 0 157 0 0 54 0 89 0 89 0 122 132 0 60 0 259 203 0 127 251 103 0 165 58 114 0 23 49 163 158 151 124 188 33 0 0 0 63 13 200 194 202 0 13 25 0 8 53 152 0 0 237 221 2 81 275 269 107 70 164 132 0 44 120 211 0 162 54 0 94 180 0 2 0 99 118 275 83 108 35 0 149 108 23 42 0 0 168 201 113 91 31 299 214 175 188 204 297 235 0 0 6 0 0 0 42 0 299 0 259 158 238 154 90 64 25 269 197 0 265 12 59 0 194 0 10 1 0 299 118 86 267 0 0 100 142 0 253 0 293 0 51 75 276 103 0 253 0 0 238 125 215 0 0 207 46 36 258 225 157 0 23 0 271 0 71 173 0 0 0 0 182 299 0 122 19 49 
64 106 278 0 0 0 0 272 0 183 0 75 63 27 52 0 265 30 9 76 0 57 36 152 90 0 224 244 60 96 105 0 0 0 296 77 76 0 138 283 235 0 232 147 267 16 237 0 0 238 33 0 16 0 0 0 234 279 37 114 66 0 213 152 168 292 180 192 0 168 4 271 141 64 179 0 0 234 129 102 0 0 228 10 0 176 192 296 0 230 235 0 166 288 112 0 119 209 0 0 223 42 132 87 21 295 0 16 247 208 255 61 97 147 150 268 213 110 116 163 143 272 0 62 52 0 217 0 213 29 135 255 0 0 3 0 31 297 165 256 0 0 291 0 88 0 41 5 0 13 217 141 0 31 55 0 104 0 201 260 225 0 0 0 254 119 16 0 76 88 211 0 0 64 0 281 0 101 0 299 250 139 185 288 0 0 0 0 219 183 178 0 0 0 142 183 219 0 251 45 11 100 0 0 275 223 222 0 21 0 215 241 213 234 28 0 20 173 0 147 204 218 286 20 0 57 29 247 0 141 0 299 40 279 0 59 0 158 0 77 114 0 65 212 21 0 100 143 0 0 0 211 91 189 244 51 183 218 234 19 148 176 296 0 0 91 0 257 209 181 0 0 0 201 0 66 24 48 275 147 0 77 190 94 56 0 0 170 164 148 0 252 44 0 286 98 0 219 294 295 
130 290 141 0 22 0 112 253 28 0 75 0 0 27 53 27 240 0 0 0 0 168 227 3 31 25 0 228 227 109 113 168 47 0 275 202 294 166 0 116 0 173 231 266 0 242 264 106 0 115 296 44 35 259 0 62 204 65 0 0 123 142 260 179 0 204 7 151 0 39 0 58 0 111 127 185 0 244 44 0 0 299 13 0 0 281 0 0 125 32 147 0 91 96 0 252 7 0 72 230 60 110 0 159 0 139 148 0 0 0 0 0 0 0 138 175 145 0 183 92 166 0 0 0 84 0 0 103 134 0 286 0 208 0 126 0 0 177 0 0 292 229 239 243 0 0 0 108 255 256 0 22 0 169 0 176 0 0 23 233 144 15 47 28 0 0 240 271 0 97 235 0 299 0 227 128 282 0 133 0 241 85 83 126 250 0 111 24 0 0 0 0 239 0 0 90 0 0 298 0 178 0 277 182 26 60 0 111 0 0 138 124 275 100 213 245 20 0 5 55 235 253 19 0 271 154 0 42 120 161 16 88 266 0 95 0 0 149 220 48 13 154 21 0 250 229 88 0 0 208 67 56 32 283 168 111 0 26 253 0 156 0 195 40 295 24 69 68 105 0 96 184 0 0 191 253 0 121 0 0 181 0 0 96 206 275 61 122 0 25 251 258 0 52 114 0 243 65 231 0 
0 174 0 100 155 0 0 22 0 188 63 0 0 77 48 226 0 92 134 0 0 118 241 279 0 156 236 169 195 65 0 63 177 0 0 0 164 148 255 161 239 299 0 194 0 112 273 250 42 0 0 0 248 0 0 70 0 207 39 0 93 298 101 70 0 267 0 145 26 234 0 0 244 0 243 153 0 15 0 173 0 284 50 141 21 0 271 90 215 18 0 282 245 0 165 226 0 233 44 117 257 0 191 41 288 277 74 235 152 98 98 157 78 288 37 202 123 58 167 162 10 209 65 236 272 80 68 0 0 0 24 0 239 0 180 0 0 211 19 34 0 122 46 110 202 0 0 163 0 271 125 23 19 0 255 99 0 282 85 171 55 27 255 15 0 0 0 226 223 272 110 0 221 0 0 0 0 154 0 64 48 112 42 27 30 129 103 38 0 0 240 0 5 102 88 0 118 0 0 50 0 111 167 0 0 210 40 171 109 0 0 197 61 69 228 280 0 0 286 10 240 15 73 100 12 245 0 50 90 0 153 0 0 0 0 128 175 210 135 116 119 20 184 0 53 119 0 169 148 98 163 0 292 0 209 294 0 73 172 127 129 0 279 0 0 76 165 0 186 91 0 0 240 0 0 32 163 12 173 98 43 0 0 101 17 4 187 55 0 52 184 0 31 12 31 294 107 242 0 155 
42 0 0 0 182 0 182 144 0 125 27 27 77 0 133 0 215 241 121 258 0 10 56 0 226 0 210 164 255 0 192 0 0 0 77 157 0 167 280 0 108 25 0 272 39 143 20 0 202 6 88 132 286 0 114 0 0 236 62 0 0 5 69 188 199 229 0 109 0 0 33 0 214 77 0 74 206 117 267 0 53 222 263 61 197 0 152 0 148 0 139 252 52 234 0 202 0 284 203 115 130 0 0 100 119 0 115 139 249 138 235 136 273 0 118 8 92 298 259 185 0 256 107 0 251 0 296 49 70 0 33 163 121 0 0 68 249 0 0 282 144 0 162 225 20 279 210 218 0 0 105 278 280 184 52 78 135 111 130 235 230 8 187 289 0 0 50 0 51 0 113 0 52 0 106 31 0 246 242 149 0 0 176 69 190 0 241 108 118 8 0 0 287 0 0 114 224 1 0 287 17 31 0 0 0 0 278 0 137 146 6 251 155 33 0 235 0 0 226 132 0 0 0 29 23 125 207 41 12 185 273 0 60 90 0 0 87 130 299 140 0 5 0 0 0 233 0 0 0 24 44 0 0 299 225 0 36 243 286 154 92 0 34 0 0 36 187 255 216 178 80 85 26 0 0 53 164 274 31 281 118 57 0 8 0 41 19 28 109 0 0 25 0 116 0 201 165 159 43 69 
128 156 240 64 200 0 144 211 186 66 52 53 48 133 0 0 86 0 129 76 150 0 206 128 0 263 117 103 0 227 0 0 259 119 0 138 147 0 194 162 0 44 61 229 167 243 0 42 224 43 0 157 227 179 86 51 0 0 103 0 163 0 0 253 0 61 288 217 114 0 73 0 0 54 106 119 0 129 66 20 16 112 65 275 115 0 112 94 156 230 96 232 295 0 18 0 0 0 190 61 154 0 158 149 152 124 133 65 0 0 271 58 190 167 0 0 73 0 233 294 0 0 10 148 0 211 62 0 42 0 46 148 157 132 0 262 297 0 83 212 0 278 130 113 0 145 161 282 245 0 0 298 239 251 43 229 270 230 8 251 0 83 220 0 0 0 0 0 101 69 79 247 20 205 131 256 117 36 11 0 155 194 144 278 88 0 0 0 173 237 0 52 27 278 253 120 0 58 147 42 48 0 225 246 120 0 47 75 0 0 35 162 0 0 151 0 0 64 244 0 234 248 203 102 217 0 140 113 88 28 105 13 232 0 0 0 39 12 0 147 0 221 0 0 114 205 289 251 0 84 155 257 174 164 228 99 261 20 225 0 176 0 46 23 7 0 217 285 0 224 121 0 22 9 37 211 199 122 20 131 169 0 0 251 263 0 171 0 195 0 0 166 0 216 124 0 0 166 58 157 
290 0 85 16 18 0 0 0 60 220 0 27 226 0 0 0 161 97 59 0 198 54 31 105 150 277 107 0 122 273 0 0 20 48 0 155 73 138 0 242 0 288 27 154 0 0 0 180 0 0 110 257 44 73 167 210 105 278 28 0 189 111 262 63 142 9 0 0 126 30 99 0 0 0 217 235 185 146 148 198 97 236 242 242 0 255 36 94 81 37 0 4 296 266 0 216 0 153 63 85 46 80 232 77 0 0 194 179 190 0 97 54 0 108 0 0 285 0 0 0 156 78 247 203 0 61 0 144 259 299 0 59 31 173 285 30 0 161 116 289 0 163 202 184 0 167 5 179 268 280 67 95 200 0 0 80 0 265 0 0 0 179 0 68 188 172 51 197 152 50 0 153 0 0 288 241 171 0 293 251 0 0 276 161 60 276 251 216 0 132 224 117 137 145 0 151 277 261 172 218 130 0 204 76 124 212 0 60 52 268 0 261 0 159 258 0 204 192 274 105 0 229 0 0 0 66 112 0 242 0 142 0 136 30 35 245 183 0 32 0 194 278 210 0 201 175 292 0 249 210 292 29 0 0 8 199 4 0 0 228 144 0 0 0 43 0 0 0 0 254 150 108 132 246 0 220 245 0 283 141 226 71 255 247 89 117 186 0 0 258 0 0 0 207 275 123 0 155 253 253 
0 0 0 226 113 284 0 194 128 59 265 240 0 215 86 161 0 268 228 7 121 46 296 58 0 262 279 256 81 238 84 119 0 0 96 0 263 210 57 100 35 0 0 63 270 0 0 182 227 285 190 154 173 268 176 30 139 0 140 32 0 255 216 0 29 72 0 119 195 170 138 261 72 170 0 0 263 231 40 192 164 0 262 0 172 246 0 31 23 99 150 204 55 81 107 215 168 0 5 215 0 231 0 0 0 0 257 127 214 259 0 195 0 228 0 54 196 0 243 191 68 109 0 184 113 194 204 14 77 59 221 47 228 0 0 146 236 63 107 95 260 223 194 0 154 273 50 0 47 123 121 0 237 84 0 237 226 156 143 177 0 0 291 212 26 268 0 0 255 0 76 0 0 0 271 37 193 19 297 251 0 270 266 42 207 255 0 5 136 78 277 132 55 107 167 249 282 0 9 124 177 0 0 9 189 0 77 0 266 286 150 264 0 0 282 43 144 235 0 190 141 0 104 0 291 151 0 18 0 251 57 0 256 0 135 0 0 0 106 96 158 140 0 49 277 213 23 201 0 186 155 68 0 0 278 248 130 0 0 259 41 0 0 0 130 0 67 163 103 0 133 48 0 267 0 139 41 257 63 27 280 0 7 37 154 0 299 280 299 281 197 69 140 10 0 282 219 190 96 213 
0 172 177 199 62 72 34 137 92 170 30 0 92 241 0 97 268 0 0 236 93 190 143 289 119 226 204 36 0 265 28 0 0 0 0 18 0 41 0 218 119 0 200 237 105 0 22 50 261 236 74 0 0 274 176 49 214 55 0 284 0 0 190 97 0 0 230 0 40 257 123 287 202 40 158 141 263 189 6 189 24 110 275 284 60 0 109 158 173 154 60 261 104 119 81 0 87 224 289 236 112 159 151 234 105 78 272 0 88 14 134 0 207 13 89 23 124 270 271 171 240 199 0 253 105 255 0 153 34 0 97 297 0 283 134 72 0 0 11 269 234 286 27 0 0 211 78 29 156 189 0 189 79 254 102 196 79 114 0 0 0 247 0 72 52 149 146 0 80 81 62 93 36 0 116 85 0 251 296 225 56 0 0 202 71 0 0 4 190 171 145 9 0 0 265 41 0 197 142 113 0 0 261 54 215 248 89 233 230 98 175 0 0 98 197 177 179 212 0 0 212 118 0 66 185 96 225 0 81 180 0 89 0 5 165 0 37 222 0 96 0 34 161 156 133 96 88 0 47 154 14 0 107 64 56 226 146 0 198 130 169 101 0 3 196 0 0 172 292 243 0 277 0 0 192 250 90 280 78 0 240 79 56 0 0 232 0 52 0 286 239 261 55 216 176 148 213 66 0 132 
5 0 216 35 0 85 0 47 285 101 9 0 134 121 129 59 228 0 0 0 15 0 223 66 149 87 0 231 0 242 0 0 0 230 47 218 54 199 87 47 0 0 285 98 266 0 0 272 13 67 241 19 218 287 294 125 87 175 253 56 0 136 272 137 0 0 0 0 22 0 142 256 18 97 0 154 49 162 288 180 214 121 107 0 234 233 88 0 96 176 0 0 27 0 0 0 200 0 22 3 68 0 27 174 24 0 23 17 229 60 294 0 0 56 123 272 286 0 17 212 159 212 73 0 280 256 269 179 0 0 209 0 68 0 246 71 0 0 286 141 116 263 0 0 0 51 17 261 0 18 0 280 212 0 247 181 188 19 0 0 225 0 283 280 287 0 0 0 218 4 0 125 0 121 0 151 0 238 138 238 259 133 200 0 0 0 47 171 0 22 143 0 257 28 82 203 67 275 207 140 143 133 150 0 120 168 276 56 141 34 280 252 69 64 59 56 109 252 297 0 11 193 264 72 0 0 0 0 70 0 37 0 138 0 35 2 0 0 59 241 0 0 221 97 261 191 160 173 105 0 0 240 206 4 0 20 80 143 56 0 76 0 242 0 211 0 158 178 0 0 201 0 0 0 0 0 203 110 131 98 95 0 0 0 151 52 0 276 46 115 190 267 0 145 240 0 22 175 140 0 
293 3 22 113 0 187 186 0 115 0 76 0 0 258 76 0 7 236 0 0 0 37 5 0 111 0 116 0 144 4 11 133 16 5 16 205 294 64 89 95 295 0 255 82 206 44 261 0 11 291 265 90 274 74 0 25 0 45 157 296 0 26 124 122 77 116 225 0 103 283 0 40 273 288 248 49 205 275 295 129 0 90 166 7 0 222 8 273 0 147 114 0 23 199 0 0 231 69 22 0 43 8 52 288 256 0 0 287 93 0 0 36 58 125 0 0 0 0 183 0 0 152 127 135 0 0 279 28 200 0 247 0 0 0 299 69 95 273 199 91 201 140 158 0 214 0 297 192 102 108 0 24 5 0 56 0 0 0 285 0 0 0 0 166 149 0 20 0 58 0 40 0 213 66 69 169 138 0 270 199 41 163 240 159 130 0 178 31 16 0 104 211 60 186 250 0 238 192 68 119 297 0 22 141 229 0 279 0 178 281 292 0 0 167 224 172 0 0 284 67 103 50 6 0 279 92 120 0 239 66 81 139 248 168 0 268 0 0 22 46 131 16 279 245 0 38 101 240 0 0 282 133 177 0 0 75 70 0 71 245 125 0 0 194 228 0 127 253 150 33 145 233 44 0 0 256 120 0 14 286 0 273 0 217 0 24 244 220 105 0 89 66 147 264 255 67 272 132 0 244 
53 146 0 92 187 249 189 75 12 67 0 0 0 0 150 198 121 93 15 0 0 182 155 45 89 209 53 32 79 0 221 0 79 0 274 8 122 92 0 166 189 0 0 12 116 0 47 159 0 127 0 189 9 0 67 0 36 21 0 220 127 170 283 0 68 0 0 114 190 0 251 0 143 130 0 0 0 185 174 0 154 228 189 48 36 0 80 0 0 0 14 124 0 15 0 284 59 0 200 281 0 263 278 0 236 0 221 269 226 7 68 119 124 270 89 263 0 92 0 0 206 82 0 0 51 287 177 108 188 0 42 0 45 200 206 195 199 0 0 26 86 114 63 95 0 0 61 146 125 288 162 90 56 0 43 94 50 228 0 117 176 0 0 95 184 294 130 0 0 195 0 159 160 0 0 60 7 206 86 257 0 100 0 231 0 204 0 124 64 0 0 0 90 36 77 0 0 261 255 0 143 0 0 0 177 221 0 209 192 140 102 208 0 4 292 240 0 29 81 97 280 0 165 251 114 0 142 138 16 67 0 101 237 42 69 70 0 64 0 22 191 0 24 0 42 293 21 0 0 0 0 239 102 0 49 236 220 98 65 238 294 0 220 103 125 33 0 228 209 248 115 296 233 270 88 0 267 78 64 0 258 285 41 221 250 139 0 58 0 223 0 198 117 61 61 264 91 66 287 90 
0 144 1 0 90 201 0 178 254 71 57 168 118 10 0 54 46 190 0 37 182 0 209 111 236 0 216 44 0 0 169 0 264 144 33 183 81 0 0 21 298 183 226 168 0 5 296 281 0 285 115 104 0 9 0 219 0 64 47 1 0 217 231 0 0 259 109 18 108 213 0 0 0 2 55 198 63 0 168 239 0 15 258 273 0 0 0 0 207 194 199 132 0 167 102 216 115 133 281 0 91 289 169 0 109 0 0 59 91 0 37 0 0 256 0 0 128 0 227 173 47 0 0 82 0 7 0 101 133 128 238 296 30 0 0 204 197 50 0 153 94 21 0 149 28 0 0 208 0 0 0 32 259 0 66 277 177 126 0 208 11 166 179 70 0 0 177 263 0 124 0 0 0 167 191 22 98 279 0 24 191 220 0 0 167 253 178 0 0 223 0 14 0 0 256 294 2 225 0 114 0 0 227 9 194 0 216 224 0 0 34 0 71 198 232 0 0 175 67 3 0 0 0 0 204 0 138 93 150 46 154 142 26 113 46 94 102 241 86 141 0 0 253 181 0 78 0 46 85 0 220 41 5 179 0 0 43 5 0 206 0 265 169 0 187 37 53 25 171 73 27 0 294 0 233 203 240 80 118 274 0 128 245 238 0 127 0 228 86 72 202 0 75 62 96 0 0 0 0 23 
0 22 49 213 265 162 285 47 91 172 36 227 241 56 206 31 296 143 223 5 155 209 0 0 156 0 15 189 186 199 107 0 19 12 0 220 0 0 199 0 0 14 0 193 61 79 265 5 238 54 0 0 139 48 245 0 0 250 274 238 130 108 97 149 0 274 0 1 144 107 108 0 0 120 19 0 85 200 0 247 0 48 209 246 108 190 30 0 0 180 0 0 0 164 105 0 110 144 90 49 210 65 212 282 178 0 0 0 0 97 0 261 15 118 107 0 0 225 293 0 134 0 87 229 172 53 32 220 0 86 0 234 0 0 74 11 15 237 0 0 0 78 0 222 0 0 139 36 49 192 22 0 197 17 28 27 0 10 261 160 122 189 98 0 0 172 139 48 139 0 226 8 49 0 79 261 269 140 13 199 197 247 121 231 281 0 136 0 246 0 0 132 21 84 235 124 0 99 0 142 0 0 241 0 15 260 206 251 258 159 17 0 0 199 111 231 52 195 226 0 117 57 5 105 0 0 75 0 199 271 78 87 141 162 0 77 35 34 102 0 225 22 92 18 104 0 131 43 286 0 0 266 62 203 173 297 0 0 249 0 112 0 262 233 275 293 0 0 0 236 0 144 102 257 293 106 39 299 165 39 277 0 153 249 0 161 243 0 0 110 5 0 188 287 199 0 144 0 32 202 
27 16 299 247 80 28 165 3 248 0 152 3 279 0 128 105 58 289 66 0 45 111 0 0 124 0 127 157 66 107 39 298 295 239 0 242 289 118 0 33 0 0 85 29 276 44 118 194 32 171 171 82 0 242 241 0 244 170 290 14 0 281 204 1 202 226 84 0 0 46 233 62 0 108 0 245 100 82 15 0 0 0 0 0 0 287 138 164 149 163 0 218 0 128 161 0 17 51 150 34 32 137 246 89 0 2 0 60 193 183 173 261 39 214 283 0 240 0 0 0 41 0 102 0 158 0 0 0 141 219 0 103 0 0 4 42 117 86 0 64 266 182 82 0 0 0 205 104 0 220 113 0 10 0 0 111 0 162 100 137 121 53 118 218 188 0 49 130 0 180 132 67 243 59 88 0 99 0 75 118 0 248 51 0 124 255 42 153 0 281 0 0 58 289 0 12 44 29 183 116 100 85 0 0 136 183 146 0 149 291 234 235 0 258 101 218 237 177 243 142 47 0 0 36 166 183 0 0 201 200 0 0 0 0 205 152 238 232 0 218 0 130 0 158 0 0 0 0 0 0 64 276 147 0 83 225 247 76 82 0 0 181 212 0 79 113 230 0 192 0 111 78 99 180 192 75 0 293 170 0 293 256 273 41 0 109 149 232 284 287 65 162 19 261 151 35 103 157 87 114 
88 67 0 3 0 0 119 0 0 195 90 31 0 226 0 150 0 119 149 111 89 236 156 124 0 0 296 174 249 233 0 0 0 0 271 86 0 90 163 0 0 270 37 91 198 135 191 251 254 70 257 133 229 263 263 213 24 0 200 210 43 0 35 1 0 0 262 46 284 52 86 0 220 61 0 159 192 0 0 0 129 283 257 33 144 78 255 127 0 50 231 154 0 222 164 210 0 129 16 154 283 205 207 0 178 153 223 0 203 28 0 233 0 43 171 0 241 0 29 194 0 131 23 74 47 0 258 0 215 252 99 6 259 15 0 266 54 0 269 288 0 0 0 0 33 92 128 82 0 0 282 0 234 21 0 0 68 175 107 140 0 175 0 0 26 0 196 49 187 53 141 0 254 227 258 263 0 86 0 90 46 0 284 73 247 0 0 0 183 111 0 242 190 15 0 280 0 232 215 177 0 233 207 0 0 0 94 296 0 95 0 280 74 0 0 8 234 114 0 149 0 0 0 0 205 166 215 0 0 146 137 0 154 286 216 0 101 262 0 34 145 9 0 85 93 159 0 0 0 0 177 178 205 282 223 177 118 78 219 171 275 165 0 220 251 87 0 180 0 40 0 116 169 35 296 162 257 172 253 0 148 0 189 272 223 166 145 23 74 214 154 108 67 32 0 9 0 64 40 0 
282 0 248 151 110 116 212 185 216 173 0 25 156 0 263 277 262 226 87 0 209 0 0 0 0 0 251 0 211 257 200 4 51 0 0 279 275 89 0 163 283 251 143 115 0 0 171 171 236 218 73 0 187 205 148 0 4 245 0 185 171 63 109 0 0 0 252 0 64 295 279 108 190 203 106 197 259 0 0 2 0 128 183 151 201 175 248 61 0 0 0 0 258 264 287 127 0 60 104 256 0 0 17 214 194 0 90 0 86 69 214 179 242 0 258 208 275 0 153 0 0 291 0 22 0 191 0 0 25 188 65 218 128 195 196 0 0 95 150 281 122 55 2 299 166 111 85 115 0 272 294 0 202 0 46 198 87 0 159 0 65 89 150 39 274 288 139 0 169 262 130 90 0 12 47 0 214 136 100 181 95 248 60 0 0 281 132 0 43 216 297 273 0 293 152 50 73 0 0 44 277 136 0 81 167 59 187 189 142 271 92 0 198 295 181 234 0 170 0 256 0 158 228 34 189 0 17 3 151 0 0 188 0 255 259 298 140 0 12 0 122 0 0 47 37 175 0 0 0 201 85 0 265 74 67 237 249 100 207 66 286 260 278 222 0 9 0 274 249 0 0 68 75 0 268 47 284 0 0 0 0 222 0 144 10 177 142 135 154 139 1 0 0 54 0 262 0 74 241 120 
0 2 0 279 107 0 0 97 0 163 224 0 236 210 117 107 279 204 0 116 53 216 15 127 296 251 0 0 229 141 152 52 0 0 0 283 201 244 295 0 119 0 224 252 134 0 231 0 149 62 203 0 14 198 0 225 155 140 90 128 110 0 282 0 191 0 18 0 212 258 34 89 0 97 0 239 272 0 264 0 299 75 179 0 135 156 0 282 0 239 165 0 250 125 34 0 162 181 74 2 102 184 196 4 0 224 148 0 288 215 51 0 0 55 0 235 0 90 226 127 258 138 276 169 83 72 4 115 0 274 36 175 34 115 72 167 94 119 249 76 79 0 0 269 0 9 239 247 219 0 158 44 268 269 168 150 199 210 0 0 0 151 80 146 0 93 134 54 242 7 233 24 119 133 121 163 258 286 6 243 182 112 55 65 222 280 0 0 265 137 88 239 36 0 0 0 73 144 139 89 196 226 150 79 0 136 0 253 0 224 35 28 128 83 135 175 0 4 0 1 201 0 173 72 0 182 0 227 228 244 0 213 233 34 142 267 0 191 55 0 0 241 295 285 100 0 0 36 287 124 0 83 179 228 285 0 274 0 5 42 289 0 0 85 251 138 29 59 83 219 238 291 249 0 269 82 286 82 0 0 295 36 88 249 0 0 30 0 0 295 94 193 236 75 18 0 132 0 113 11 
0 232 0 39 286 96 0 291 0 119 244 228 169 164 103 0 256 36 231 0 32 44 189 157 174 0 0 0 281 0 0 1 93 163 284 111 286 51 291 45 257 156 266 48 86 34 0 0 51 0 0 113 70 188 153 0 146 0 216 148 255 0 120 233 193 117 5 162 220 80 264 0 291 177 147 0 138 111 292 0 190 97 0 0 0 0 0 195 298 29 281 52 222 235 136 244 50 266 0 107 81 62 0 119 180 0 129 151 267 294 216 0 225 71 0 0 186 77 269 0 0 185 158 157 109 0 252 189 71 173 196 0 0 295 80 95 0 0 0 0 56 0 88 0 56 247 88 40 250 167 0 0 94 156 296 277 260 198 292 176 84 186 202 183 77 0 186 97 97 166 228 14 77 227 193 63 0 0 90 185 58 0 66 0 18 141 290 271 139 118 237 265 33 6 96 10 0 151 0 246 219 164 0 175 119 0 233 0 0 82 156 148 291 0 40 0 195 264 0 0 159 0 114 0 143 47 58 256 203 251 96 13 254 0 0 0 248 141 0 0 234 273 218 124 215 62 67 239 72 125 283 0 247 99 0 0 0 11 0 0 213 256 0 118 0 0 143 68 22 271 119 0 0 0 229 0 49 0 46 0 113 0 257 0 215 242 0 0 107 0 263 0 85 280 0 0 164 196 0 0 
21 0 200 18 143 160 0 0 19 0 60 227 195 255 0 122 81 0 0 144 79 0 186 66 249 211 229 281 0 111 0 49 80 0 223 123 86 34 19 285 0 80 19 0 34 239 177 74 103 116 134 59 98 245 0 24 0 0 99 0 189 50 202 45 201 0 39 239 0 199 31 205 168 0 267 102 68 189 260 0 215 298 166 83 0 176 0 289 57 233 24 267 0 0 186 89 153 171 0 268 61 299 253 294 0 0 293 169 121 299 168 134 54 0 161 92 0 130 267 133 58 0 108 238 0 0 0 205 223 0 132 17 205 40 0 238 81 59 289 160 276 0 159 251 299 144 138 0 287 205 0 238 192 205 237 177 0 102 0 138 0 213 0 242 218 278 88 0 0 0 100 0 133 251 0 0 0 0 137 147 115 149 49 0 253 299 0 297 108 143 0 279 130 127 26 152 290 251 73 132 207 68 216 239 76 213 40 125 0 263 0 137 0 124 0 0 0 0 0 257 0 7 0 169 195 172 65 0 192 0 0 174 158 221 184 15 0 208 94 134 144 35 0 0 239 180 155 29 0 269 83 201 0 8 0 102 70 174 0 200 0 247 0 91 0 0 125 59 0 271 94 276 166 187 0 0 243 248 234 175 0 184 0 225 46 137 195 152 295 208 0 0 15 229 258 221 0 159 252 123 
0 178 0 0 62 0 66 202 153 0 96 109 65 0 227 273 238 265 242 4 0 0 199 107 233 257 141 0 111 0 162 48 174 58 127 197 33 275 0 252 66 260 123 0 0 205 141 0 32 104 0 170 97 250 11 242 272 60 212 179 0 97 169 0 34 160 275 212 0 97 0 110 0 277 36 102 147 0 130 19 272 0 297 142 0 63 264 6 218 256 222 105 95 115 0 238 198 220 2 0 191 33 0 224 0 109 0 0 210 38 56 152 0 245 195 0 172 18 45 172 80 0 0 122 223 188 293 149 10 0 186 0 279 267 291 279 71 70 297 0 222 46 202 260 116 0 0 114 212 160 202 0 0 264 144 210 51 24 0 0 90 75 0 0 94 172 0 256 34 63 99 0 114 197 68 246 168 0 0 0 0 0 0 291 81 107 128 135 0 0 253 201 179 130 255 115 227 0 249 48 184 169 44 151 138 269 103 267 0 299 102 222 144 0 41 164 0 216 131 179 191 153 202 55 35 159 0 217 0 213 209 0 275 0 0 176 0 0 106 294 90 24 121 213 12 91 131 75 131 216 0 109 272 75 47 127 165 0 61 102 75 0 0 259 10 4 56 163 235 193 0 0 107 46 232 195 229 149 77 0 90 282 0 205 120 119 28 0 190 136 286 0 0 0 25 113 274 17 242 252 
0 0 0 182 165 0 288 186 13 281 105 113 0 192 0 0 84 28 0 11 221 169 107 39 0 200 152 0 0 162 0 0 0 256 244 105 9 0 0 0 87 0 227 90 0 221 51 0 178 146 0 187 0 0 295 0 291 188 228 0 0 0 240 163 66 226 225 222 0 45 14 42 0 164 0 0 0 0 215 75 0 276 217 191 0 69 0 71 173 0 0 94 0 0 75 0 298 132 140 12 30 2 0 254 175 206 130 259 200 0 225 0 283 122 0 0 0 22 172 0 25 0 142 145 0 3 0 148 232 31 174 162 0 135 277 154 228 81 261 40 0 230 61 109 139 0 260 0 0 264 280 291 31 251 0 0 90 0 48 248 45 258 229 208 177 0 96 0 0 0 103 178 0 142 120 110 9 232 35 111 173 269 0 1 56 218 29 68 89 0 78 0 0 269 260 0 0 0 57 71 289 275 170 123 203 269 81 71 209 171 20 228 0 299 127 296 283 69 0 71 165 5 226 91 274 168 0 0 0 0 0 276 297 246 128 0 241 261 272 273 79 11 0 145 88 265 265 219 0 265 240 75 152 1 0 95 161 244 30 0 249 150 0 273 147 118 0 0 0 249 73 211 72 267 245 0 0 0 198 130 151 181 260 156 161 286 176 47 0 0 227 0 142 0 239 50 47 190 191 49 
260 34 174 217 16 243 263 25 0 104 0 168 63 0 0 0 119 0 0 133 0 0 0 298 0 4 52 1 49 48 0 0 0 37 0 0 295 79 288 0 111 163 0 0 145 0 0 0 187 295 221 0 0 88 15 8 0 268 100 0 11 39 280 33 80 150 202 54 0 0 145 214 267 0 0 84 120 168 0 162 0 168 132 0 0 33 276 204 0 0 0 6 185 90 0 219 193 229 206 0 160 0 0 110 102 248 0 0 0 9 0 0 0 225 212 29 88 264 98 95 130 7 211 274 0 0 107 112 0 167 62 0 0 0 72 56 202 178 109 73 292 192 43 0 0 147 189 0 0 297 152 153 20 58 70 81 0 172 113 0 99 106 287 82 210 175 26 249 0 0 215 2 100 0 0 225 223 0 205 253 74 65 0 0 182 232 256 145 295 42 203 0 0 0 0 190 74 71 112 3 171 0 262 0 0 208 0 142 263 175 0 0 144 0 0 246 93 175 27 172 0 0 249 227 78 276 0 69 0 102 0 252 56 61 33 0 214 0 0 248 90 132 0 14 0 0 0 210 108 253 22 50 129 197 240 129 168 10 257 265 169 291 0 0 237 228 0 201 0 13 232 289 187 27 0 106 184 0 45 0 3 277 166 0 124 0 0 0 0 0 223 0 154 15 296 269 10 241 0 223 
25 165 242 9 0 0 146 179 183 215 0 47 177 0 259 20 0 0 0 16 79 264 19 295 0 51 0 93 80 174 0 0 0 142 46 49 158 216 12 0 15 0 0 0 206 0 297 225 173 184 0 19 47 105 0 230 228 131 145 270 133 101 70 0 15 0 0 170 155 0 133 53 45 0 287 223 0 121 0 0 246 291 0 11 123 0 277 0 257 20 191 99 0 0 96 87 0 102 137 6 0 266 75 266 45 48 131 176 0 78 0 0 26 247 0 0 61 27 0 212 0 0 0 0 0 0 88 166 0 136 56 0 275 0 296 0 0 92 0 0 207 76 210 42 56 179 187 132 237 0 186 0 185 0 58 40 0 173 123 289 195 34 194 212 279 0 0 0 20 0 8 0 32 43 122 0 0 196 173 97 272 0 247 0 45 123 0 0 280 98 92 229 279 132 273 0 80 123 0 0 0 74 231 0 239 157 92 241 147 56 258 14 172 279 165 277 11 257 31 39 210 118 0 269 0 0 0 0 12 27 64 152 41 158 87 172 0 0 288 101 0 0 141 0 295 89 142 7 271 107 220 0 0 0 0 113 252 222 143 276 0 0 150 150 276 0 30 274 128 127 95 109 250 170 0 0 0 251 0 45 0 297 232 134 0 0 84 181 0 265 30 18 171 32 0 113 274 199 27 156 
0 0 0 110 155 0 247 0 294 0 0 0 0 0 119 48 0 0 230 5 0 144 12 239 0 0 0 163 0 58 256 37 142 0 49 0 173 58 38 102 172 268 115 0 265 0 289 0 278 0 244 0 297 0 3 94 0 0 299 162 0 71 243 151 251 248 243 0 217 111 231 0 0 0 215 123 15 24 0 0 0 0 103 0 217 75 291 11 0 246 0 79 0 179 91 139 202 0 0 295 173 0 249 129 3 181 0 173 185 243 0 65 0 118 147 170 85 46 87 27 283 132 0 234 226 161 52 0 0 234 115 0 9 171 0 0 0 0 0 238 0 140 246 81 205 37 15 255 193 278 0 17 283 0 144 240 284 0 74 169 290 0 177 181 274 255 0 0 74 135 251 0 241 171 9 94 53 119 200 10 214 157 39 245 0 64 223 220 0 35 0 0 0 181 128 105 130 5 132 290 0 93 224 26 0 213 0 290 0 0 108 147 0 54 0 55 0 129 223 0 158 76 161 285 0 88 66 32 263 0 283 0 59 113 262 0 0 0 0 164 0 0 165 267 36 89 109 0 0 0 0 0 97 259 279 248 275 141 209 213 68 0 246 135 104 8 244 0 242 178 237 200 0 117 0 113 0 0 278 18 109 191 43 89 100 184 165 241 104 0 57 224 230 44 0 271 161 0 31 174 
172 0 0 0 0 175 14 176 143 238 296 275 0 77 0 0 96 0 47 16 274 33 0 0 271 0 0 284 223 127 244 0 46 49 0 0 0 217 0 67 218 189 0 62 0 205 0 150 89 80 211 0 200 271 0 152 206 0 72 245 113 168 41 0 246 0 0 157 0 295 179 0 29 158 42 236 296 28 68 0 41 275 6 0 0 125 285 6 122 0 54 0 192 134 30 0 0 48 0 0 179 0 198 154 0 0 0 0 252 194 48 204 0 210 67 169 58 108 0 172 84 21 0 113 245 0 109 25 0 124 0 0 27 20 266 234 173 112 148 232 222 0 0 255 275 177 167 72 127 90 162 22 237 0 130 109 0 0 0 162 51 0 0 188 48 243 245 0 59 133 66 126 0 0 0 126 0 149 193 123 198 0 36 0 172 272 0 234 294 95 18 128 0 99 0 65 165 142 15 243 219 151 91 25 22 167 0 0 0 117 13 47 52 153 297 171 197 150 167 203 0 70 0 253 208 0 213 203 111 0 130 212 17 0 77 240 131 135 0 0 204 53 251 147 279 0 63 26 40 84 65 52 16 0 284 156 127 0 155 97 40 0 240 113 242 0 202 95 118 191 0 30 293 181 12 147 61 0 72 0 0 127 265 0 60 198 0 166 34 55 0 164 0 233 136 0 256 0 226 0 
128 206 247 280 152 78 162 0 158 123 77 202 0 157 138 155 0 18 218 205 8 183 220 242 86 279 283 111 123 197 105 0 49 0 0 0 27 228 173 230 115 295 113 221 137 0 0 0 47 0 73 178 205 214 241 28 0 263 164 0 291 158 0 137 166 188 283 121 0 102 165 12 80 0 102 0 127 3 0 0 0 128 42 112 0 5 209 246 99 241 0 50 191 62 204 0 66 197 120 182 252 18 0 21 17 291 0 93 0 172 0 41 0 78 208 0 0 18 0 162 166 277 52 48 75 0 118 178 46 108 0 182 83 29 0 228 0 160 73 0 0 27 93 68 0 0 6 0 188 0 0 208 221 280 0 0 207 0 0 151 222 24 0 144 0 233 0 93 27 0 0 62 237 0 0 165 0 0 92 0 0 123 162 168 1 136 0 271 272 107 183 147 23 0 0 248 226 0 0 0 0 201 282 0 248 204 30 36 66 196 270 0 276 20 95 11 120 0 294 240 69 71 114 0 96 205 8 287 278 49 223 0 95 121 136 180 83 169 0 169 1 107 0 129 34 0 224 216 0 264 77 295 46 274 37 214 141 0 0 71 250 113 156 102 0 168 31 74 0 9 297 200 216 71 0 265 144 63 205 0 0 99 0 100 71 251 133 293 2 99 154 294 70 0 10 49 0 40 0 294 
244 0 55 104 0 269 0 39 234 252 76 294 164 0 147 73 263 0 54 294 122 81 0 289 0 275 201 286 86 33 9 295 158 173 0 27 0 161 96 80 29 215 0 178 259 0 231 0 0 0 198 230 185 295 13 0 139 19 0 22 0 40 0 190 51 168 123 212 14 0 64 137 44 0 257 91 224 240 285 0 107 198 0 249 0 209 134 0 86 0 2 119 47 75 127 135 215 0 86 39 0 212 262 73 34 9 269 0 211 81 165 160 47 0 212 0 0 155 29 63 63 45 51 0 265 270 0 147 138 40 184 174 24 0 138 30 7 10 123 253 0 0 252 109 225 0 287 164 133 53 0 103 0 256 278 266 0 0 264 288 143 0 284 94 128 93 0 235 249 244 19 0 220 11 0 114 0 243 223 47 105 239 0 133 284 272 171 95 149 0 0 174 0 185 70 261 27 201 173 296 170 49 0 0 134 129 0 0 155 16 166 0 286 62 40 82 40 124 3 177 0 108 83 163 0 0 10 153 244 0 80 6 57 151 38 70 87 283 0 157 227 293 8 0 258 293 268 204 0 0 229 43 105 20 238 241 47 231 20 30 123 0 129 240 0 257 0 161 217 197 62 55 0 10 0 116 124 49 71 198 250 84 221 10 0 197 143 0 0 262 0 0 120 61 185 0 42 260 171 135 
241 203 129 0 0 140 0 0 0 269 0 166 148 167 0 138 210 41 199 64 92 0 0 118 90 89 244 51 34 275 0 79 216 58 217 228 161 0 0 0 0 279 0 248 77 86 32 237 124 0 202 44 0 168 43 0 26 96 0 250 0 0 27 173 147 0 281 43 0 0 90 283 8 0 43 0 0 50 287 142 0 57 0 184 6 150 233 0 38 291 43 281 49 76 232 0 73 127 115 176 0 0 82 0 0 0 235 265 0 237 286 0 0 0 159 0 0 166 15 0 135 0 0 14 137 214 185 119 283 0 7 236 194 71 54 275 69 0 143 0 180 182 233 131 110 83 53 0 277 112 90 0 0 292 51 248 189 0 114 0 22 251 34 289 0 165 226 270 0 4 0 0 4 137 149 0 173 0 62 281 178 137 140 140 284 106 0 0 285 8 200 0 148 177 190 17 87 104 211 44 110 253 248 49 289 238 4 49 284 106 40 285 0 0 0 0 185 162 253 57 22 168 0 210 0 0 0 87 219 0 64 260 163 152 173 290 0 0 284 154 243 0 22 0 11 201 46 0 0 140 116 255 0 15 204 180 63 43 0 247 160 135 25 0 152 0 0 112 274 203 129 272 0 158 24 122 0 0 285 90 0 69 91 0 284 0 0 195 90 83 138 197 0 153 0 222 118 0 80 13 
293 234 150 0 54 0 193 0 105 143 138 0 255 280 194 0 57 0 87 89 0 0 199 0 163 0 295 291 19 0 0 288 12 38 0 173 96 0 0 59 238 140 0 266 0 0 0 0 66 167 13 280 104 147 0 163 249 0 58 218 194 50 95 61 0 106 0 0 25 258 241 0 186 0 185 299 121 26 0 100 101 242 0 0 53 110 227 0 207 176 8 138 179 43 164 203 279 148 89 42 115 73 0 0 0 0 0 133 0 268 29 260 106 0 69 297 288 181 204 29 162 75 121 162 147 228 216 0 165 47 0 234 0 289 58 28 65 231 151 0 204 109 0 0 289 171 282 19 249 0 190 74 220 238 0 0 0 218 10 163 294 262 52 265 1 0 128 19 136 0 0 298 83 87 0 149 75 210 0 188 24 0 235 52 1 0 157 51 12 271 0 150 113 0 139 0 274 0 172 0 218 214 0 253 280 20 149 66 203 6 252 0 118 80 66 0 0 129 285 256 0 69 206 0 221 257 64 0 245 128 0 215 1 0 0 88 0 0 67 0 97 0 188 180 0 36 32 0 256 132 150 181 167 36 175 0 69 172 135 101 230 0 151 147 0 277 273 75 221 149 167 284 0 17 50 0 0 0 91 66 155 0 214 218 58 218 18 0 22 104 109 241 0 209 210 72 11 129 216 166 
77 0 189 154 6 43 36 0 55 183 283 116 161 0 162 242 100 218 47 95 166 21 0 33 0 163 0 45 285 252 0 0 0 102 67 230 80 0 59 0 215 1 0 227 139 0 112 286 236 0 0 286 0 156 17 0 85 267 165 265 21 23 64 0 293 0 156 0 57 22 195 61 0 0 87 0 42 266 42 0 152 257 277 0 0 149 0 93 172 228 0 0 90 186 262 227 0 24 42 228 0 220 0 21 1 194 0 240 101 58 27 152 4 0 291 0 0 271 69 173 51 210 21 0 211 7 0 220 29 99 0 127 125 120 0 144 46 121 240 278 0 208 233 24 0 259 222 213 85 28 0 95 250 83 230 249 193 86 37 0 0 289 103 140 195 82 173 217 0 99 100 206 0 277 0 215 196 0 200 181 89 0 201 0 282 0 247 0 162 104 284 217 298 0 242 271 170 118 299 8 241 271 125 0 152 104 0 155 253 94 175 0 0 41 263 57 0 83 148 263 64 128 198 217 0 6 0 176 189 57 178 0 0 229 18 226 188 13 76 227 210 0 278 91 7 21 182 0 0 130 29 299 122 206 0 0 264 146 268 92 140 209 76 238 229 50 64 165 172 144 111 0 236 274 158 42 132 79 85 197 74 4 266 5 49 39 48 0 0 0 120 205 0 104 119 164 4 0 33 30 
0 129 147 178 0 44 190 226 73 255 235 0 239 108 0 0 35 119 0 295 189 298 0 0 0 283 119 257 0 66 87 111 15 172 218 115 29 0 238 215 0 0 38 169 167 128 82 87 0 158 0 25 269 8 0 204 0 9 47 166 218 0 110 178 195 292 167 100 288 0 27 56 200 252 91 154 109 183 240 0 28 141 119 146 42 46 284 167 102 89 141 187 144 4 0 171 0 241 167 293 239 200 127 59 55 0 0 78 127 46 233 246 98 0 0 34 217 164 157 274 0 49 73 0 28 0 0 284 268 214 234 0 241 236 0 214 0 0 0 175 18 49 0 247 3 95 284 91 0 58 0 0 0 202 279 0 63 0 0 190 284 0 195 175 13 0 0 158 291 31 135 96 164 177 26 89 22 211 203 260 0 0 279 250 0 0 0 0 0 0 78 112 262 133 63 92 156 214 0 10 0 77 137 0 295 0 253 19 115 166 211 206 166 0 79 0 264 171 255 56 255 0 0 158 158 175 32 294 20 78 19 0 24 184 169 195 194 80 203 169 0 127 0 240 0 195 14 286 127 156 0 289 108 0 0 116 276 297 0 52 111 72 0 294 0 136 140 257 190 0 147 0 232 3 0 26 36 0 0 0 288 274 260 75 35 10 123 163 137 0 170 186 0 145 0 0 0 267 4 212 
0 125 0 227 178 162 0 30 0 274 0 173 299 25 44 288 0 0 0 0 0 183 14 0 270 251 0 156 80 260 0 163 0 268 189 295 215 279 140 1 0 0 200 238 0 109 239 0 81 195 299 0 15 229 202 22 0 0 0 0 172 166 0 31 0 0 0 114 12 111 210 188 290 213 0 16 252 284 245 265 80 235 139 292 181 0 145 0 236 86 164 0 0 0 99 243 201 282 211 285 182 85 0 15 121 141 0 152 124 0 211 117 284 0 281 0 167 0 0 0 156 57 0 99 0 29 0 121 153 0 0 163 181 57 0 163 77 44 242 18 96 77 0 100 288 0 254 0 186 184 271 284 0 0 0 219 17 39 0 0 0 0 26 239 175 44 0 194 0 136 141 2 0 71 0 270 240 2 36 0 129 41 227 164 0 226 278 44 57 0 268 0 0 103 0 221 286 244 223 246 178 219 0 77 154 0 263 225 201 255 221 268 0 57 207 246 0 188 0 240 0 104 0 8 0 198 58 137 149 0 0 46 42 4 239 30 0 66 0 23 85 0 23 197 219 39 271 46 186 0 236 154 276 117 0 294 215 272 214 0 185 8 119 31 31 124 0 269 281 0 0 231 22 206 38 101 238 47 295 96 0 31 149 14 185 0 136 0 176 208 207 125 0 87 266 227 232 125 0 146 
